1.000000000000000000e+00,1.151092136671162530e-01,-1.053783411028776235e-01,-4.837976489648902062e-02,-5.292983117310936375e-02,6.836478201861343612e-03,-2.800677646234840668e-02,-1.401783003897039311e-02,-7.639047138842704199e-03,-5.637689418410931318e-03,1.108396507035198063e-02,1.281995534709026198e-02,-6.946937433400414766e-03,-1.258656037653011449e-02,2.909426020253479562e-03,-1.839971431886923284e-03,2.562680498243778389e-04,1.326834455715248566e-03,-1.335599569701806377e-03,2.676982905154141044e-04,7.535808122262903537e-04,-8.850720188156878171e-04,-9.373735860497858742e-04,-4.705339545741742927e-04,1.598745881894558839e-03,6.622595493925300617e-04,-7.462013288141543374e-04,-1.134069598659513158e-03,-2.520212878482477382e-04,3.184429754017231804e-03,-1.560028668675052807e-03,-1.409941010652336710e-03,-7.745539303824654958e-04,2.406714999195050711e-04,1.613068862046387289e-04,-4.306331244873909717e-04,-2.544782553886809455e-04,-1.462139416195728050e-04,-2.581292051424445653e-03,-1.220133048757444027e-03,-4.279266228856644025e-04,-1.330163833687132875e-03,3.273154935694437854e-04,9.426344055386777542e-04,1.032106028324595356e-03,2.078123539111387339e-03,1.622706996160032085e-03,8.151826262394450823e-04,-2.955639950313998857e-03,1.177020511998666964e-03,1.852316950043319740e-03,2.346365398662031768e-03,1.919128678575928500e-03,1.212410235535913610e-03,5.817340528401754697e-04,1.034123530636586841e-05,-4.993462368107739113e-05,-6.093677495805983110e-04,-1.027752227608035984e-03,2.640946364968960246e-04,-1.078258854244714044e-04,-7.428782622014199572e-04,-9.275593296135285293e-04,-4.089231619075195108e-04,4.477893101744373819e-04,3.252831342531840457e-05,4.477415652892814029e-04,-8.200320333250810285e-04,-4.599503508900905694e-04,9.630017683760176564e-04,1.087538675759855931e-03,3.882327842176123631e-04,-3.530049588414599219e-04,-1.019821092759899363e-04,-5.545192452756749412e-04,-1.881392871953215700e-04,4.826155192198337265e-04,-3.188039578965888620e-04,5.781057714865548520e-04,3.725310392922969566e-04,-4.602135477004733600e-04,-6.690147621817330937e-04,3.109627242986694575e-04,2.740810284558838831e-04,-1.138673292605137371e-04,3.210577102332498427e-04,-2.243736701737059872e-04,5.176583988691885966e-05,-1.485012940671324815e-04,-1.334923469663733014e-05,-1.339684592274782986e-04,7.319263033501037020e-05,6.111652491201343459e-05,4.312506613831574892e-04,3.718586826942885007e-04,8.913787007704229888e-05,4.451678221972768979e-04,-9.498175501959346732e-05,-1.444861658437519076e-05,1.964964726354918845e-04,-3.035521957441841097e-05,-5.880757587941174607e-04,5.338628420032210178e-04,3.423098874632267180e-04,6.245250429184957580e-05,1.856296526924749177e-04,-6.494737845122750420e-04,-2.348739819277641141e-04,1.913939367349314121e-05,1.677083785903486334e-04,-5.579121873311528084e-05,6.785766722579449658e-05,4.305972573406771533e-04,-8.106480591277247922e-05,-1.341900443261468529e-04,-2.264737262738412363e-05,6.074665801195821202e-04,1.806638913533714717e-04,-2.691434597868035280e-04,-3.356459950156305203e-04,-5.522084670567039633e-04,1.187108229524326200e-04,-7.330784428322438362e-06,-1.353964463902763461e-03,-2.810067848238283618e-04,3.694659697322807230e-04,7.942039762177732299e-05,3.948920390786725214e-04,3.659919705695435983e-04,5.959130339342952592e-04,3.677649724443796033e-04,-8.367433517705188907e-04,3.388005704953773881e-04,1.157827588508185271e-03,2.655613485568192452e-04,-1.324314780331299461e-04,-2.452106346773358521e-04,-4.178373118441572722e-04,-3.311016944133058151e-04,1.720514015713681686e-04,-1.628619640847794143e-05,-2.921819639154875489e-04,-1.183887563438728457e-04,-4.896891816792204623e-05,-2.784208363586825399e-04,-3.147634400972661064e-04,9.866417327926145270e-05,-9.366935709791391576e-05,-2.509632807638486826e-04,-5.930407694019222063e-05,-1.451395497852391925e-04,-3.502436087291881236e-04,-1.240354486839491399e-04,-1.674693714330734856e-04,-1.250407175682883535e-04,-9.077780838930047476e-05,-1.247348022258512211e-04,-3.674416629275271306e-05,2.942152177777439053e-05,7.765938655504084831e-05,-4.362986606588240641e-05,8.199321824009606508e-05,-7.241696566320113324e-06,-1.332790184708378784e-04,-5.403704987995575440e-05,-8.910855435020515890e-05,-2.105956631546898790e-04,-7.513438815303684153e-05,-5.062799296929200427e-05,-9.481291527822210941e-05,-8.047182067903912636e-05,2.720306144624787649e-04,-2.142523481162302132e-04,-3.266603130996068895e-04,-1.636371260601070471e-04,-1.101954385286196787e-04,3.075265359813608799e-04,3.310032109054693739e-05,-4.068192125093227974e-04,3.374144260667328037e-04,1.483920204958616115e-04,2.671136246618984356e-05,3.340065335513627866e-04,3.103193862150013674e-04,3.183517121227936238e-05,-2.313431554100280716e-05,-3.913676374253184697e-04,-4.331651444566706421e-04,8.709023363039328398e-04,-3.061559919418612905e-04,-9.061226013306803275e-04,1.129342753130291187e-05,1.807801835929171146e-04,-2.055176433304446390e-04,-2.372840950008064161e-04,-7.372344593450141969e-04,1.746030669954223749e-04,1.989635890995742967e-04,-1.516557986438080716e-03,-2.287360153474467836e-04,4.109680291868627244e-04,1.836251727202637687e-04,2.590355462350128583e-04,9.102924574926535067e-05,1.035486441461997369e-04,2.276625819536343468e-04,3.857294190779101978e-04,1.700132619091966688e-04,-1.807448541820448824e-04,9.776000626325103890e-05,1.479175442160999600e-04,1.644227375679897351e-04,-1.009282030033884387e-04,4.843259463280127734e-05,3.954905626829167227e-04,6.480895139619619332e-05,1.103197916103407396e-04,1.197389862237953221e-04,-5.612139709564524552e-05,1.943589683713176205e-04,4.643427412730804821e-04,1.456965262700103404e-05,6.187770135106187999e-05,1.713978116779125982e-04,3.631547472749116815e-04,1.367718528492701776e-04,-1.885458887568192024e-04,4.377559417936210992e-06,-1.841189916559103089e-05,-1.692229245086538910e-04,-1.261277008760397890e-04,2.457093021229247496e-06,9.886792926700492588e-05,1.603714431079947137e-05,1.207640456248538818e-04,-1.053568820233101112e-05,-3.677145001918506766e-05,-4.488919501998070026e-04,4.573892234532609346e-04,1.184137192056251690e-04,2.901741456281243365e-04,-1.197195645275451059e-05,-5.631893373878582836e-04,-7.102994488781121541e-04,4.044770673876711643e-04,2.469446757102125274e-04,-2.232168628397450318e-04,-4.840724910295314846e-04,3.333669871361119802e-04,3.122385995793432612e-04,5.043796223383482848e-04,3.590618345451674384e-04,2.708696342694286705e-04,6.769633603069442635e-04,3.352168959876577624e-04,4.135443934987803637e-05,-6.484740075642306668e-05,-1.323770331204824951e-04,-1.569927323429696098e-04,-1.523671083102213467e-04,-7.438096608030072632e-04,-1.430596511864706724e-04,3.000712732740106327e-04,-1.407000120743823516e-04,-1.316624619655035308e-04,-2.403201695380486420e-04,-1.840061839432755280e-04,-7.572142224772115439e-04,-3.043992670044243318e-04,2.154535421300385865e-04,4.080030770528121322e-05,-9.902102811484423306e-05,-5.471948456228613181e-05,-4.108101785148327500e-04,-3.021149371553274359e-04,3.269762246329405934e-04,2.243020097523043598e-04,5.510294320085016841e-05,-2.520439380545164685e-04,-2.150023853436380740e-04,2.835678873480047303e-04,3.392337866323449653e-05,-3.740883718081706370e-04,-5.236215285265493962e-04,-9.182190718497414532e-06,-2.748166949788613921e-05,-1.552112335800037973e-04,1.199103832687103976e-04,9.806600609590830294e-05,1.689240333215345346e-04,1.095789474405530818e-04,-1.257757528219161281e-05,1.291196215101423912e-04,6.146961293343401918e-05,1.110186962760359051e-04,3.057053658029494696e-05,-4.048005161927615767e-04,-1.592942185145788643e-04,4.864865532708313885e-04,-1.611215550205526744e-04,-2.996848096904627208e-04,-1.784967672039839497e-05,-2.302890490708386979e-05,2.136187255522798507e-04,2.289715409409205974e-04,-1.114458750884827571e-04,1.098589241365781929e-04,3.094664980426200520e-04,5.910905746867390270e-05,-3.761499410904884625e-05,6.413764343067768822e-05,1.843509667320665589e-04,-9.815020676129685914e-05,1.853426027341982673e-05,4.753609888451932036e-04,2.335995847482691444e-04,7.843170285081476169e-05,2.731324485419745992e-04,2.094385561414652058e-04,-1.050088230211875461e-04,1.227463056884207774e-04,1.278239476333925724e-04,1.890950935929893340e-04,5.505059760619720934e-04,-1.541086099173147826e-04,-2.234392272621678246e-04,1.936276814664464048e-04,3.972370459161972140e-04,2.080655808224015214e-04,1.144394127938821450e-04,3.784743083342226376e-04,1.426055992799223928e-04,7.331236791337869616e-05,-1.817160292292539453e-05,-1.348353152130002386e-04,-2.931596477748611793e-04,-8.186949643538681551e-05,-3.022916666458806657e-05,-5.792882918569003154e-05,-1.079488477786313852e-04,1.364541299745752428e-05,-2.117181031379330709e-04,-1.439209832309265179e-04,1.525865833658224377e-04,-1.159172853423667273e-05,-3.618018053023006340e-05,-1.545395618389304741e-04,-2.012899373952843775e-05,-3.892174547439174593e-04,-2.860130816534238777e-04,2.130275425153543281e-04,5.691692046714366980e-05,-1.045692178562945493e-04,-2.093458319758128097e-04,-6.523134348383168165e-05,-3.754514285076852344e-04,-2.744921575817355162e-04,1.422602790932363248e-04,-1.740122849643066820e-04,3.922947505363209945e-05,-2.318068035200821593e-04,-3.991920079295609072e-04,1.479649794983824629e-04,-8.108654314836905702e-05,-2.862938538596340038e-04,-2.329566961585640469e-04,-1.324478421211961008e-05,1.072331533699552803e-04,5.929167402190911948e-05,-3.895916939025266426e-04,1.226193728170325620e-04,7.769341779051667661e-05,1.491760852672879638e-04,-1.814238396198312561e-05,-8.074805643112788450e-05,-3.354652788005918398e-05,-2.548015187530389266e-04,-1.355115009190773737e-04,1.812391863261927601e-04,6.739622658033731363e-05,-8.192284647228625927e-05,-2.267236677264550379e-04,-3.037844098165632029e-04,-2.755491187864017632e-04,-1.122812651041435439e-04,-6.359509904187663225e-05,-6.321524613845289184e-05,-5.210461942677951675e-05,-2.142257660735100643e-04,-3.330858678296755261e-04,-9.589788067858251647e-05,5.267745454729368202e-05,-1.026724773835335509e-04,-2.982651253795065593e-04,3.139168878373564572e-05,1.039817989977074562e-05,5.005129155907900285e-05,-1.150877051689061281e-04,7.995506871703515729e-05,-1.297747395645733001e-04,-2.425709477975720852e-05,-9.136882698170678252e-07,-3.945284473171411740e-05,-1.892483304436543879e-04,-3.292248951293748967e-05,-6.331356191711075081e-05,-1.735685299035227293e-04,3.827381031282612683e-05,-1.894827413402807074e-04,-2.041358821365414221e-04,-8.034516059953934080e-05,-1.708918488055641933e-04,-3.736341230637040239e-05,-1.138395713192316889e-04,-1.633890149976231830e-04,-5.409485774567701708e-05,-1.155174089003008925e-04,-1.399589241183545702e-04,2.123232841382126802e-04,-5.663794169237173175e-05,-1.355724070154990316e-04,-1.624606645400538578e-04,1.263281452525424843e-05,-3.885750546703487050e-05,-1.192379997692593610e-04,-5.655802618182588889e-05,-2.413408224110501530e-05,-1.304739635064982553e-04,-1.750843257797174857e-04,-6.621715669737506125e-06,-5.357162508718386348e-05,-8.481219176668002349e-05,-1.178269201585216229e-04,2.697618681937636882e-05,-1.356600705818914452e-04,-5.071516994546893008e-05,-5.784553187258464327e-05,-7.555699443853491535e-05,-1.522996490626313325e-04,5.761307879522836360e-05,1.671867591074095285e-05,-1.767237856162079878e-04,-8.416017357843924064e-05,-7.915351009454251179e-05,-1.607433470717293774e-04,-5.591380769199965890e-05,9.316145440333365704e-05,-2.046051811922491964e-05,1.907753060768028821e-05,-7.532540251277109421e-05,3.912146864307528812e-05,-6.592944757203402569e-05,3.509949957147872544e-05,7.380793480408619645e-05,2.790509415434780575e-05,-6.599612897961805886e-06,1.084303591295774950e-06
1.000000000000000000e+00,6.750667689272589478e-02,2.946931352086102837e-02,-1.462202543315180986e-02,-3.239407948707416496e-02,-1.454367171998307336e-03,-7.167458529115251428e-03,-6.231771396872215311e-03,-1.034066585407598243e-02,-8.134411818828637952e-03,-1.294212831193530550e-04,-4.526259037735715627e-04,-3.181450815267684255e-03,-7.580593771803832703e-03,-1.113487918796230228e-02,-5.390807642960301601e-04,-2.399317372463302591e-04,-1.844406142166152751e-04,-2.883382557931991048e-05,-1.225210015112754812e-03,-1.031727702457049638e-03,-2.941229597084721033e-04,-5.311861151439332398e-04,-2.139198525608233673e-04,-6.272672206761873218e-04,-1.306572215151643882e-03,-1.227832925245300397e-03,-2.324371216382040909e-04,-8.044473982375952622e-04,-1.137709211880184336e-04,6.896770498997932314e-05,-8.736736713681670556e-04,-5.840143401159380134e-04,-7.543806700460038673e-05,-3.124518159441263859e-04,-1.015374491811497871e-03,-7.869085634519916699e-04,9.966823567019858835e-05,1.001100884797772586e-03,7.875779622544701677e-05,-4.594316978624986910e-05,-6.094103530586025439e-04,-7.115915389044099454e-04,3.386919555782588959e-04,3.257124860247950370e-04,-5.772560565314851719e-04,-9.114012034010609111e-04,-5.542506754586660513e-04,3.435764738976741458e-04,-1.115479741176749915e-03,-7.317629576487846583e-04,-7.953102537656095460e-05,-2.620488101431026366e-04,-4.157875307929777492e-04,-4.289119387219193975e-04,-2.205022184234755250e-05,-2.289373992050631242e-04,2.690373919342209375e-04,-1.843365933292622595e-05,1.057463943730189830e-04,2.069352448485812395e-04,-5.399845143579846702e-04,-1.657370933767028296e-04,1.571544933837860632e-04,-1.425877182209058804e-04,-5.601903507882688904e-04,3.161930914999617277e-04,4.825247549183680693e-04,-6.573492999433528132e-04,-5.765760175248647824e-04,-2.547893620063653168e-04,-1.071482161477939023e-04,-3.558896478213813578e-04,-4.267166543326206371e-04,-1.130115415614224355e-04,-8.861312573773722531e-05,-2.149439725720036912e-04,-4.099735292013803080e-04,1.199965401872666703e-04,8.105104126386983472e-04,-3.657521080399098136e-04,5.947579396553323420e-05,5.243532532272823224e-04,7.236519217243715923e-04,-2.860815964050488695e-04,-4.260074071398802973e-04,1.442238937737469527e-04,-2.360325901140345752e-04,-3.203305039346089579e-04,-1.095689675830842846e-04,4.450904924445666738e-05,-9.958516468059193339e-05,-3.152778925292760558e-04,9.667870902022733428e-05,1.515753833988784086e-05,-3.414863372648704399e-05,1.096106543195497844e-04,-1.115417416623671628e-04,-2.365196725921999628e-05,1.078701105261807054e-04,1.921706853466281830e-06,-7.993162643255912294e-05,2.253900526091548817e-05,1.609507398388387205e-04,1.010098618013728671e-04,8.246798276536644991e-05,-2.747508812353656823e-05,-3.444230558376817604e-05,-4.440159094751598251e-05,-7.402016946448160435e-05,-4.808048372706765909e-05,-2.812782731512419743e-05,-6.487023734962409310e-05,-1.819187762396801136e-05,-6.680518601743683766e-06,-3.907733020198444031e-05,1.632850153811437526e-04,-8.140712541953947466e-06,-3.173963445162128076e-05,-9.588320209403290446e-05,-1.236569552779035570e-04,-2.384560424906878432e-04,-2.994547761850733505e-04,1.685333314136166434e-05,1.691997876705214491e-04,1.360533316480943156e-04,4.069156430405420277e-05,2.775760728482299712e-04,2.268733190015833625e-04,1.444663977289230617e-06,1.120532547877142347e-04,1.670008053420466516e-04,-9.109431339024865338e-05,-1.915338683692165101e-04,2.919656636232322339e-05,-7.975611503498537585e-05,-3.699250697255160032e-05,-6.998611137071433102e-05,-1.807027802024342396e-04,-8.549754941323494371e-05,3.111505286401666765e-05,5.306988532845604341e-05,-2.117086891225551079e-05,2.412496396352036969e-05,-4.587370496531253841e-05,-1.448671980938859879e-04,-1.087536320414032713e-04,1.567659624813376250e-05,1.311169130438132404e-04,5.798732231698108743e-05,4.868894655315538780e-05,5.910458379406670996e-06,-1.404906330878216464e-04,-9.401957134614534768e-06,8.591595651136485761e-05,1.894351021709570634e-05,-6.571339555922706892e-05,-1.505580192627292875e-04,6.613337468182666032e-05,-1.154152975497892836e-05,-8.181376364565765187e-05,-3.607366794476892430e-05,1.700284176928044697e-05,-3.804388047350445036e-05,-5.268234812476397551e-05,-4.175298784122796888e-05,8.693926162914460717e-06,1.153665403133282108e-05,6.370392696313766036e-05,2.105031857194198576e-05,-1.748640498158355504e-05,4.627744271437828392e-05,-1.313465205584724254e-04,-2.325949410008805248e-05,-5.650886045497550183e-05,3.986497392556567282e-05,8.979135860356834346e-05,-3.409225995209879886e-05,2.721229018200925349e-05,6.331830360275856717e-05,4.817514203602004947e-05,6.037300840651083848e-05,1.357927474008540736e-04,4.362868039318970901e-05,-9.118016675398754882e-05,-7.394337862424040615e-05,6.167243112002341742e-05,-2.685170032164366428e-05,-1.074929367514179240e-04,1.998676735755634110e-04,2.011508979649562819e-04,-1.268738822093999641e-04,-1.253054341093484682e-05,-2.510807758339327306e-05,-2.066060250252627257e-04,-2.006655952991032697e-04,-1.954751515155452219e-04,-2.317655724698011786e-04,-1.035881010275258988e-05,4.436430423678703282e-06,-2.432906500902856126e-06,4.932474912366674214e-05,2.494123276891757176e-05,4.825234669244143633e-05,8.329404775673609866e-05,8.485028677462638704e-05,1.533512145772700989e-04,5.263111482691503037e-05,-5.495359217250709590e-05,-7.930477570988807247e-05,-7.832953617578335289e-05,-1.894908562353878497e-06,1.714226275824484247e-05,1.385394034429279161e-05,-3.855130964593652011e-05,1.484030910074685648e-05,-4.834278339467169583e-05,4.462685337953918303e-05,-5.010915976105524651e-05,-1.931428382222225774e-04,-7.894699695685950067e-05,1.073399494109801550e-05,1.305266711592297586e-04,1.020773848233884790e-04,-2.525929166891933948e-05,1.072364625894313883e-04,6.547887593084919938e-06,1.591410313225104760e-05,-2.895314166881766694e-05,1.007984873748987459e-04,-8.918475024558150309e-07,-7.000916282155007948e-05,-8.053190670143652540e-05,-1.686783333951158632e-05,-4.387747783940123972e-05,2.554685609647141885e-05,1.125272051152062989e-05,-8.722476314024432003e-06,-2.698350404860731875e-05,1.645430294610138015e-04,1.879966318855671255e-04,-5.862547454629988809e-05,-1.066479744466888912e-04,4.236833048699334051e-05,-2.872371992510153397e-05,-3.149111200782720810e-05,1.041776867829087030e-04,-6.699916435554602037e-06,-2.118641023782596375e-06,5.758248449602284213e-05,4.175986056971773186e-05,4.712003819155038216e-05,2.958354549989579467e-05,-2.995185574629160262e-05,-2.870773936030948220e-05,-1.011678727207434223e-05,4.477203124303780397e-05,1.048068885521415047e-04,5.993701537292135250e-05,9.222475959708395187e-07,3.408162301015208156e-05,4.734218868057184644e-05,-1.909879479862153920e-05,1.976846548213300329e-05,8.149656706547710172e-05,1.580681670867972705e-05,-1.072649954825839335e-04,-6.959019517407316797e-05,2.289996035326151273e-05,6.158557948353254375e-05,6.408329846001525009e-05,2.068628005879650142e-05,6.691758231432892777e-05,-2.317250666179503950e-05,-7.002935937812627368e-05,4.062740438455793280e-05,1.317941857985232602e-04,4.881204540818326906e-05,-1.582011330210092047e-04,-5.212708349051122783e-05,1.052943578503727119e-05,3.099733829164005682e-05,-1.593775523326158307e-04,-1.911464119993551398e-05,3.835367906463429336e-05,4.230469320103738743e-06,1.330256244487313813e-06,-4.605955612990325800e-05,-2.315307915603037001e-05,-2.568388724437700225e-05,9.018355653423712864e-06,2.908258236240044689e-05,3.418634791605156708e-05,5.313609944354907215e-05,1.409415258040453279e-04,-7.174850913100331514e-08,-4.705302945405992362e-05,6.799511082223641306e-05,1.095462685073176860e-05,3.303458438814830801e-05,4.598751854163627079e-05,-3.326677243335701928e-05,-5.707417376736298925e-05,1.253412732307238855e-04,8.672590565047428592e-05,-1.356082878951599753e-04,-3.537983552181025483e-05,3.766289424350479292e-05,-4.830127337606575973e-05,-5.167054191731357976e-05,1.932622232832749537e-05,-1.661452289345733411e-05,-2.616614172000612554e-05,1.826268505054654828e-05,-3.494845444506272859e-05,3.274999636885011806e-05,2.178333121681376661e-05,3.298105056559755483e-05,7.146758355130113810e-05,8.415141128585875135e-06,-9.036733203972680624e-05,3.013263106640308515e-05,6.519623762579843671e-05,-8.502743019448918711e-05,1.932646782608799606e-05,8.548014699473635797e-05,-1.029188255203032317e-04,-9.626006029502330423e-05,9.743166352296555796e-05,2.482052140506247045e-04,-5.350967305841407523e-05,-4.203269752080661024e-05,-5.261060921084209142e-05,7.874119147589617754e-06,-1.281536462718248378e-04,-4.283586914920746539e-05,-7.603358706893751727e-06,1.452025671691132426e-05,-3.432673178206012474e-06,2.228055194687202353e-05,3.211835344165009251e-05,-2.089684945513530580e-05,4.545865739972123921e-05,-4.968184837711670391e-06,-2.076853823133273800e-05,-2.305323046960587089e-05,5.830976917053380448e-05,7.112297526700833402e-05,6.640362723420235630e-05,9.951667066591080122e-05,-6.638242396780273872e-09,-2.733679437645592869e-05,-5.951240942998454011e-05,-6.886531387267779303e-05,4.325990538922366981e-05,3.314293651786881455e-06,3.553611887335119204e-05,4.262426227952211997e-05,3.744522857165874324e-05,-3.750249298389497939e-05,-1.496401729938285251e-05,3.473895832913394949e-05,-9.195669694184925537e-05,3.187158064276658832e-05,3.375900013230875526e-05,4.385472252540393125e-05,9.567196645921209388e-06,-6.218519981770554220e-05,-2.309701355562437534e-05,1.782191417634954966e-04,-7.410519917220350630e-05,-1.941682004049364151e-05,-3.875800118258495165e-05,-3.729855790545402733e-05,-3.258164219101015270e-05,7.403294869477627309e-06,4.880653827297378052e-05,5.571286348748435296e-05,1.631956245595258200e-05,5.123522424695789641e-05,1.711765398850219608e-06,3.223705348174374933e-05,-4.785156573976009236e-05,-1.307902715771530047e-04,-8.899042478655428993e-06,1.368228130673369131e-04,1.191464283872083164e-04,-1.060475956731821594e-05,-8.007213518589274175e-05,8.301139004544173409e-06,-9.505206413879560383e-05,-3.557512036066511003e-05,1.024524642478558166e-04,1.935266760575038057e-04,-8.375851551031970074e-05,-8.386894022319565023e-05,-4.571796425927417617e-05,1.174508158405267362e-04,-1.196635686154569073e-04,-1.337244054978464610e-05,-2.647038759713110341e-05,4.250229358611532594e-05,6.854154207054047950e-05,-4.822148282265659581e-05,-6.349756599535916104e-05,9.801379294614984396e-06,4.054691698453730803e-05,7.003265132454099609e-05,1.064554907102375228e-05,-4.839531820781327559e-05,5.956345760447439924e-05,3.996353322419532466e-05,6.005064023496601807e-06,7.302314650991250072e-05,7.815908391825997692e-05,-1.777838254991828368e-06,9.733230681067758122e-05,4.700653632027571863e-06,-1.305502445535188221e-04,7.937574279121087180e-06,2.387168150015186950e-05,5.831890835512279508e-05,8.587962901552233694e-07,-2.832474765400565004e-05,-1.379020933227454549e-05,6.054892666077216744e-05,8.503630446962090581e-05,2.422361884213754290e-05,1.511837463875290352e-05,-3.471147605468131200e-05,8.646224001868351708e-05,1.080469283755112748e-04,4.075561132458212753e-05,-1.156274214562254921e-04,8.447685929013127356e-05,7.551322774261772658e-05,6.492928826163082089e-05,-1.074034819299341190e-05,-7.066918360759482341e-05,-4.627262527292632451e-05,2.325759557506371428e-05,-4.030074388383691797e-05,4.266194556387066853e-05,-4.827957643470482718e-06,2.814546451130172991e-05,1.544820008162491501e-05,2.816040454553072931e-05,-3.021348317611614900e-05,-2.507542365899316110e-05,1.321901101328055003e-05,-3.532805163053308936e-06,4.196039790197308723e-05,2.158819457986740681e-05,3.846117985753161523e-05,5.487183530602283380e-05,6.927029121914728341e-08,-7.126187700390305492e-06
1.000000000000000000e+00,6.766362458407224056e-02,-1.241338462425882888e-01,-5.242480228654027713e-02,-2.022694464725588448e-02,6.057528878477763147e-03,-4.111637862418766887e-02,3.995041794921952438e-03,8.901257952834783606e-04,6.851816373211724702e-03,1.195919211920988372e-02,4.732735945490940815e-03,-1.901912196658844985e-03,3.489992882075318523e-03,-3.069255103088213647e-03,2.121935861452350133e-03,-1.237846378967006559e-03,-3.836463599233337456e-03,1.399726642169324235e-03,-4.676136449732195503e-04,-8.593920888899340971e-04,-4.467766811936720733e-04,-5.161902022587051483e-04,-4.129982128090918872e-04,3.695522417393794787e-04,6.567668557340287016e-05,-3.336838007708971114e-04,1.877576069491276606e-03,-1.372456354229447404e-03,-4.448936630339885880e-03,5.431781106243197725e-04,2.482304031314398513e-04,8.600975628154589395e-04,5.954250579256964784e-04,2.931376504183964512e-04,4.019076718441132331e-04,6.545491977893968779e-04,2.523359978687045118e-04,3.320201261863496654e-03,7.966677144668793571e-04,-4.849188906466435486e-04,1.029943204124149402e-04,-2.008376221281391407e-04,-1.000055821588684366e-03,-1.064026455998860017e-03,-2.631950288512090500e-04,-9.884861721521143499e-05,-3.451771560653363324e-04,2.880636893071341926e-03,-1.772163162475051202e-03,-1.389208623343366573e-03,-4.099878805269540879e-04,8.125358548668551732e-05,-4.160757046234404496e-04,-1.370318568954295008e-04,1.356664623956329576e-04,-1.806924739888817106e-04,2.808160616349727632e-04,-3.940777830540649645e-05,2.809138772945223321e-04,-4.035524764083381279e-04,-6.908140204434410378e-05,4.940134848752665260e-04,-3.000781045656326375e-04,-1.918076063392939339e-04,1.578365233300774184e-04,6.109688068717045780e-04,2.800103819160809450e-05,-6.622231452923533221e-04,3.682767814284520114e-04,5.135332566242755857e-04,-4.024637503548510469e-04,3.379269008838524380e-04,5.316387896608669363e-04,-2.379315743680950599e-04,-4.363431976951277443e-04,5.174232373088159722e-04,4.951971048114797627e-04,1.092682267217372075e-04,-9.136440291001422204e-06,-1.989485012570789012e-04,-3.376473307471718394e-04,-1.863181097187430164e-05,-1.401446370894938533e-05,7.442428572570498186e-05,-9.476135141857296206e-05,-5.467812250518874805e-04,3.982829818946389123e-04,1.721327957307607678e-04,-1.431840543252652911e-04,-8.991271720374406889e-05,-2.495815213801171615e-04,-1.318767003152448503e-04,-9.772519911960426885e-06,-7.859738124388410471e-06,5.606048058235795504e-05,3.710977545771878714e-04,-2.789070696913278002e-04,-9.060207018985987613e-05,1.269517647968087398e-04,1.217072683212085327e-04,-2.803464692275151895e-04,-1.779753868235407852e-04,1.969385541968263057e-04,6.837863540269346148e-05,-7.987782457960519299e-05,5.827303506579171717e-05,2.090753009277605205e-04,9.196842599567777013e-06,-9.748716824782187050e-06,-1.275162954142617278e-04,-1.188554122279485804e-04,1.106449475226788006e-04,1.736697528502996186e-04,8.114195010183269962e-05,2.642769027591283790e-05,3.122311505145371397e-04,-2.126174426218849049e-04,-1.652200568992987631e-05,5.240586095192570102e-07,-2.267372272527708017e-05,-1.631080545252029267e-04,1.993097006977259146e-04,-1.034066094325433290e-05,-4.603257696052990666e-04,-2.731259469891432826e-04,-5.553636782441529271e-05,-1.484097979691642241e-04,-1.102373475127498540e-05,-1.207480823507600171e-04,-3.859239839774391179e-05,6.817222997591724024e-05,-2.556128612789569589e-04,-5.258192531566536956e-04,-2.962595614848106290e-04,5.273297853205017764e-05,-5.415305986023553745e-05,1.643433778400255315e-05,5.943602015130306220e-05,5.041206388839747612e-06,6.189830159739638570e-05,2.425699343016481612e-04,1.786717934929928943e-04,-6.984533778764441948e-05,8.922417877699326174e-05,1.919457141800831612e-04,2.406995061294279334e-05,-6.246656824756833854e-05,1.893467251483180603e-04,1.478416147399302754e-04,1.462086708330029641e-04,2.222812338345300624e-04,-4.042951610330974919e-05,-6.875968835625351326e-06,2.171491958418617205e-04,9.091394392569565163e-05,4.463840947436852421e-05,-7.811639680085532536e-05,8.155532283218072101e-05,2.294405743914335039e-04,8.634386165793041430e-05,-1.300618841649266951e-05,1.754292462671462464e-04,2.836239691847655285e-04,1.237187075980285755e-04,1.479431402282008396e-04,2.977943320925286494e-04,1.159783126330830839e-04,6.588845129771594370e-05,1.430126564984677629e-05,-1.210695413624710190e-06,7.149481079616405764e-05,-4.016344822623705516e-04,1.326209353944477616e-05,-1.386532539573240850e-04,-3.273310296497186888e-05,1.265546469020191976e-04,9.084749857605989244e-05,-2.381949364801473114e-04,-1.397995648053926353e-04,1.110949037726781190e-04,1.491581361451359507e-05,3.638937007114356054e-04,1.967231413853775743e-04,4.524624050837829699e-04,1.512597035999468020e-04,9.756638716361921916e-05,3.761940389213828099e-05,4.127404834482852519e-05,3.192000726332296784e-04,5.390593470513377989e-04,2.765002091318942553e-04,2.583992928599230837e-05,-5.770247810831715540e-05,-4.490103003436867824e-05,-2.053919176447034688e-04,-2.768101091995981496e-04,2.147974472919792497e-04,9.790968355991621751e-05,-3.462761890827624847e-04,-1.622501722802731231e-04,9.008091659881668160e-05,7.282425031014212998e-06,-2.787252337483885637e-05,1.442046681922346874e-04,1.497808339420998573e-04,8.187401857607414630e-05,1.015683162547320519e-04,8.043095411015294550e-05,1.235696290898821485e-05,1.017366419565503125e-04,1.222991765216429542e-04,-3.206766243319259923e-05,1.023630751831897408e-05,2.221205101070222905e-04,9.462888160739902482e-05,-2.090931337852779459e-05,-1.839962281134681018e-04,-1.588813959379826351e-04,9.879687190109344276e-06,8.342379896373447717e-05,7.732271627073982563e-06,-1.120263603354657039e-04,1.697960038764053802e-05,7.912007709847731628e-05,-4.175675808316613814e-05,-1.814422571220485148e-05,1.187681066654858365e-04,1.568223816761644257e-04,-5.538058474381768567e-05,-2.917499063791931704e-05,1.184332271438284681e-05,-1.776072281071968502e-04,-9.691825271161347223e-05,-1.365700778818110825e-04,-1.037427361401179084e-04,-2.017653179356106901e-05,9.990404710409515811e-05,-6.605056696671034872e-05,1.269717511145242337e-05,3.585000938104683992e-05,4.454085675219070749e-05,-1.588222996124784343e-05,-1.722761720306673690e-04,-2.458939005978317822e-04,-3.066270446879739331e-04,-4.059184173765014011e-05,3.145305086053363125e-05,-2.718998580819812091e-04,-1.705113557453427511e-04,-1.684119278034283890e-04,-1.287171882529817332e-04,-2.406977238293934800e-04,-2.345347420993853886e-04,-9.129559881141309258e-05,-8.806309696121179212e-05,-7.475513827383614565e-05,-9.208727236762448128e-05,-4.597879866728250885e-05,-6.322141723137435167e-05,-1.000227038334001436e-04,-2.172120227944425691e-04,-2.475156974774682145e-04,-9.393487005613893688e-05,-1.184113855680717720e-05,1.046235064125922712e-04,1.478533313139757750e-04,-1.254947412335338566e-05,-1.251237564137463510e-04,-9.089925110120398262e-05,-7.477141343950232581e-05,9.224666852384658913e-05,1.327286704449077959e-04,-4.193794746973084092e-05,-1.348103675557053458e-04,-1.200282120993774460e-04,-8.935184017618969367e-05,1.859182665332318843e-05,3.735815239198271240e-07,-6.804361651760739110e-05,-1.235675866447220493e-04,-5.393861839438337998e-05,1.610816690893274592e-05,-6.101605977282716358e-05,-1.548473829658640751e-04,-9.887428959130215326e-05,-7.466650972231599775e-05,-2.164302295397835154e-04,-1.362526601105013989e-04,-1.070871098707892649e-04,-9.599711924986902207e-05,-1.519058843681420011e-05,6.521247991774126076e-05,1.046209225481816986e-04,-2.394410810451179909e-05,5.894710241645485712e-05,2.961712685117624198e-05,-8.362781040050004720e-05,3.683665534271035320e-05,1.568963099997362049e-04,2.033445185552271292e-04,-1.097271854348369887e-04,-1.290053468279467222e-04,-5.838875410790606815e-05,3.015149459621026360e-05,-2.878072642144354501e-05,-4.796476829962005410e-05,5.730434117129356035e-05,-4.795156662940616509e-05,1.470332591379145635e-05,7.295339067653072186e-05,7.124017880741163525e-06,-7.040898229156326914e-05,-1.658852917322201022e-05,-3.603273648055792532e-05,-1.389513201855389489e-04,-5.387873923674998088e-05,-1.830745660775783424e-04,-8.384729164655943027e-06,5.944337119191827365e-05,-8.947763704236846589e-05,-1.263112996984947715e-04,-7.724390798682023111e-05,5.466172160446991404e-05,8.340541981209545521e-06,-1.093027708162353759e-04,-8.093220201396237885e-05,3.195020018655125236e-05,-1.863978130431878400e-05,-8.497948734091809598e-05,-7.766462925556504721e-05,1.211794347879725114e-05,5.846843697127143967e-05,7.281793611608690695e-06,1.059274938811840817e-04,1.477447595262246292e-04,5.184636618340552922e-05,1.341211190322287000e-05,2.398201600021202136e-05,4.114440588136847706e-05,8.874822486969473857e-06,-1.072479956712067935e-05,-5.731417241942397394e-05,-4.546196625850738084e-05,6.793113557390322276e-07,-6.003914373284208949e-06,1.986939317887384017e-05,-5.242317210286820753e-06,3.731824570467133479e-05,-1.558663137249768592e-05,-8.596836087269897966e-05,-2.349006680224095488e-05,9.477027397258933129e-06,7.395859635669285454e-05,1.493203838704434754e-04,1.234796220277141281e-04,-3.166794480850665232e-05,2.312837049864064051e-05,5.582743798427761578e-05,4.802694343826540113e-05,-1.109630213451731211e-05,9.780953815425306487e-05,8.741411853160336958e-05,-7.450764316284462074e-05,-1.490996886157684958e-04,1.804953639159157387e-05,5.596388263130827747e-05,-4.185729378525901472e-05,4.470286329838601817e-05,9.370818650847046312e-06,7.350049882165650417e-05,2.261922489446714892e-05,2.812239103736867859e-06,1.884716783433364431e-05,4.317625526913371995e-05,-3.798762581151990885e-05,-2.629070050318958412e-05,2.927608693585700050e-05,2.513124144566149920e-05,-1.069461088670559195e-05,-1.159872118261462106e-06,-5.278847675163773743e-05,5.130004859522388722e-05,1.137899659743458862e-04,3.680584263717232252e-05,3.584883585577623526e-05,1.859164259791712011e-05,1.060490000250778001e-04,-1.241202162375433250e-06,-5.879280001870285231e-06,1.260347916627363625e-04,-1.597949012004472229e-05,-1.447724644168162176e-04,-5.655489860859967520e-05,3.268159653013731305e-05,-5.930722363483331466e-05,-1.649801382748399179e-05,7.239264227183890239e-06,5.747966932967468929e-05,8.139207706485115988e-05,9.555614280513199225e-06,-1.290316408400957330e-05,-5.267573319051766401e-05,-7.728954165627657655e-08,2.881627189853096943e-05,2.096481322216248326e-05,-7.485573060676061951e-06,-2.844924757274814488e-05,6.260860168851374488e-05,6.717367672178286089e-05,-5.198040543689294829e-05,2.721739587966771486e-05,3.862435543225582681e-05,-2.397246617601863191e-05,-4.686977362143910747e-05,6.343550909114751191e-05,-4.747308365301489196e-05,-4.530795973171748378e-05,4.556396130050942690e-05,-2.534890194693042732e-05,3.724350871579985454e-05,1.722581036485355023e-06,-9.312142845464926698e-06,3.077748128185846943e-05,6.559457711159449780e-05,-1.433607873802208343e-05,-4.559240298951029209e-05,4.144191014087161590e-05,8.238043181553795125e-05,8.721141798828533354e-06,1.869861430236934956e-06,8.900803396650082923e-08,3.057417194426110483e-05,5.039886753663770945e-05,1.419558008885077330e-05,4.544820242743469402e-05,2.524268089415739153e-05,-1.717039797082930117e-06,2.574956774861452349e-05,-6.230186820663942670e-06,-9.695526687032365656e-06,1.937147944278232102e-05,1.159034476837209776e-05,-1.961121108977458733e-06,3.999746975944901514e-05,1.386789655038489962e-05,1.478640074025554829e-05,3.123179708176621290e-06,-2.615620474919238801e-05,1.155122941463301887e-05,-2.108160882957625562e-05,2.191276470333503037e-05,-8.783095904754792109e-06,-1.263933520630948241e-05,1.525301800872662510e-05,1.180326037506229257e-05,5.334103852528537855e-06
1.000000000000000000e+00,1.319492887693069494e-01,-6.658991113060071243e-02,-1.882198261196547234e-02,-4.369853761776008177e-02,-2.243279419069908482e-03,-7.746535502981840779e-03,-2.442593413546545814e-02,-3.030942275811698578e-03,2.930785510150849503e-03,3.402186065397260384e-04,-6.863571362957298500e-03,-1.711410359395365219e-02,-8.983320200728731747e-03,-8.886551219645880823e-03,-2.496152424896962412e-03,-2.464706264571917211e-04,4.926305250384600603e-04,-1.000085048315147487e-04,-9.213725535137714390e-04,-1.227374179320137992e-03,-6.996847879822430455e-04,-2.050019214138108352e-05,-3.775625851502504801e-04,-7.490832151622348143e-04,-7.019871952382908658e-04,-3.322383541142360347e-04,-1.557442004752693926e-03,1.747264392163944873e-03,1.585816738144534953e-03,-4.370616725799570691e-05,-2.319014559257795937e-04,-9.355897006758981513e-05,4.271046725805941195e-04,7.312989168221435037e-04,6.570955510838214896e-04,2.668529706212307271e-04,-2.321356959213897011e-04,-1.213459722580986430e-03,4.188943748874500808e-04,-6.403475861927542629e-04,-6.135271056890057202e-04,-4.815361077522729437e-04,2.523921117206405430e-04,5.352502467288660975e-04,3.974336144491885116e-04,3.004540305510256987e-05,-5.206381235496289269e-05,-9.173468518576682624e-04,2.687265921088930051e-04,2.592189623555615839e-04,1.149749890659641782e-03,7.101076595748439298e-04,3.970984396471396831e-04,3.652310903112600303e-04,-2.760260825573822456e-05,-4.168235552342990525e-04,-3.492401799885547242e-04,-6.752660544865873296e-04,-1.200027405218610831e-04,-6.402161154922303464e-04,-3.681905189703342193e-04,-8.250294562533525000e-04,-2.329344278943102514e-04,3.852187981581898743e-04,-4.983369308409247873e-04,-4.410900148825667435e-04,-5.203634607622369633e-05,-4.956202931792781652e-04,-5.471424536539916785e-04,-3.587737621935431997e-04,-1.146700520494142424e-04,-4.924231749046430401e-04,-5.928160835292700052e-04,1.292088580044403235e-04,2.217857888336956620e-04,3.734946115792377587e-04,1.541505575080661403e-05,-6.596814553368760209e-04,-1.484204535585141024e-05,2.645440533253670375e-04,2.847082282539678631e-04,6.632539670450618538e-05,2.119108363316195068e-05,4.607871761023952985e-04,-6.751970557505978165e-04,-3.229334391257518942e-04,5.965121796733945407e-04,-6.169185866465835431e-05,-6.359691071196837920e-04,1.442216458506717853e-04,8.734902173875361275e-05,3.616798707183242149e-04,1.250387768747730397e-04,1.678866376897272881e-04,-8.374412138388660147e-05,-8.676523074128762215e-05,2.882506539785026787e-05,1.794072372146876700e-04,8.566193614853919998e-05,1.532585607940693329e-04,1.808517359196279374e-04,1.414982654450570951e-04,1.456676742339561685e-04,-4.709802404795620113e-05,9.346096965531088213e-05,-2.054354541263990160e-04,-9.972178156096015887e-05,4.887866580221942339e-05,1.144233014229348284e-04,1.117915606115067213e-04,2.498862811113438171e-05,-3.462701736520406806e-05,3.243556480745909341e-05,3.653786778995687657e-05,2.077825482220579977e-05,9.142232795315792309e-05,6.770018162752457658e-05,-2.529127638123868476e-05,-1.233584719572440721e-04,1.904967111786125961e-04,7.622998920843270096e-05,-1.156807170799846148e-04,1.249559766237437345e-04,1.680837274604647744e-04,1.635207005139842286e-04,3.713444481819872103e-05,2.264943900897464649e-05,-6.183912651481334388e-05,-2.338487953517345743e-04,-1.641546901074229358e-04,5.075693252365263009e-05,-1.838673348735000708e-04,-2.237734688088199441e-04,-4.119684336968818981e-05,-7.881600246839071155e-06,-1.766302423362720698e-05,2.000816927510351903e-05,1.334556721689616468e-04,8.332307257116793519e-05,9.237392169953588560e-05,1.264054312539676021e-04,7.142224133713672874e-06,8.062207403937299909e-06,3.347927100191012414e-05,1.152438752982489010e-04,-6.587594844386184103e-06,-2.530085085387612154e-06,9.750962702211897742e-05,-5.104344775190438639e-05,4.040767133710376145e-05,4.287838144129518087e-05,-3.181569185089744669e-05,-2.493518685554290068e-05,7.213182499962279370e-05,-2.282608693927829101e-05,-1.686134824061547225e-05,6.625018077660062288e-05,1.951224547219209174e-05,4.450299507365977771e-05,7.401080497999946496e-05,3.809736567517450550e-05,2.573460203284217587e-05,3.973161679913305585e-06,1.839735766503681574e-05,4.139295629915767255e-05,7.882777801013889378e-05,3.191064288513079577e-05,5.665039551871203517e-05,5.779000151630085913e-05,6.239508781851166174e-06,1.384605617341978388e-04,4.888379524655287383e-05,-1.279085662618311900e-04,1.015654201565119864e-05,9.352028674198960788e-05,-2.115035367115648441e-05,-3.961656117705590796e-06,-7.652731844676004453e-05,-2.558271907508933882e-05,5.948490597992033186e-05,-9.936862827965497406e-05,-1.706102135479806712e-04,1.301422479058925899e-05,-7.541671067273939086e-05,-2.106783102455704699e-05,1.376114093438512086e-04,-6.321583847275667002e-06,-2.423377950358291029e-04,-2.852808920698461534e-05,6.286260230288300585e-05,1.493929437487861836e-05,3.945137836213388608e-05,4.219257168365646044e-05,-1.510767967038062140e-05,2.154294613673642621e-04,-6.356008280486984835e-05,-2.148335162425616600e-04,1.873963617744257306e-04,2.899907640019777915e-04,2.119750405867024178e-04,1.502701797509516453e-06,2.325138332562415680e-05,5.650488370596658795e-06,6.745434364408075623e-05,7.539823887205828140e-05,-9.264676923569217315e-05,-5.631361377479717579e-05,-1.807979658348974353e-05,2.851951435496118296e-05,-2.877238142840813010e-05,-7.396747970165527515e-05,-7.383371135103655649e-05,-7.774380063038251166e-05,8.918382378447168440e-05,8.293867677038938816e-05,-6.432708508006303996e-05,-1.819558321794771856e-04,-3.319160545052533498e-05,3.061912845471790419e-05,6.655959614139805717e-05,9.386342868838916820e-05,-9.324563514262338348e-05,-8.045808625659580022e-05,-1.702834403265046173e-05,-7.460510723214316292e-06,2.789044567729565878e-05,-4.664567233971880252e-05,-6.571607733862169147e-05,-1.098080933390040636e-04,1.993588998833750758e-05,-2.100614239608212703e-05,-1.271816687238645598e-04,-3.414353059573308949e-05,-9.152903256023807237e-05,-1.208274594443204932e-04,-4.014298086022065765e-05,2.163193283300264563e-05,9.289418321943515653e-05,1.722831968307239918e-04,1.861187580482129961e-04,-9.493080894049992717e-05,1.292894170331346336e-06,8.443763234339246972e-05,-7.559176355920172157e-05,-8.220018440557923202e-05,-4.435647484663690529e-05,-6.250658596905150715e-05,2.331498083878895668e-05,2.217950396849357032e-05,-4.998710735722252556e-05,-7.830216917334911352e-05,-7.459647142988480996e-05,-1.315973237262331105e-04,-1.784160149432689605e-04,-1.429753409887316278e-04,3.491032113302801608e-05,2.555012693820714578e-05,-2.233808994210088818e-05,8.121468368850766188e-05,6.537676061984870005e-05,-1.932319086533078429e-05,4.295283212749879481e-05,1.380063645531662118e-05,6.353310605094521144e-08,2.709792706628602939e-06,1.722632366562028272e-04,8.924065689333128082e-05,8.151070289995880234e-06,1.403116739202326941e-04,6.010227960999261137e-05,2.187731742809564851e-06,1.531363259496166412e-04,8.189829975428905215e-05,8.646165725914750925e-05,1.314549119760210192e-04,-1.192531547293681568e-06,6.853731740543347732e-05,5.972074868202612674e-06,-1.602346924426085800e-05,-4.706806076058447474e-05,-1.106871333091405201e-04,1.393614625019212245e-05,2.939562855149130044e-05,-7.352904941689874846e-05,-7.843619334873844716e-05,4.646650364290950079e-05,-2.893391234947531834e-05,-3.036412181881245251e-05,-3.670309844950288763e-05,-7.441916152027739815e-05,-4.253804811715178146e-05,2.827645819298772362e-05,1.924177834361808084e-05,4.870666621346247325e-05,-1.979486771075772921e-04,-1.505096980432930952e-04,-5.005023768190782326e-05,-6.744358194971495051e-05,-3.000242982706573990e-05,-4.845501765116564069e-05,-5.722225609059435021e-05,-9.894531353036358640e-05,-3.342207866652470647e-06,6.425673424366569410e-05,-2.531639496127714009e-05,-8.841281452177955278e-05,-3.867444211032009026e-05,-4.469298395880963150e-05,1.663750053608493431e-05,7.324565310004174732e-05,-1.801164886070580402e-05,3.243177477861211075e-06,-3.790138834526583848e-05,-7.015186331192902445e-05,-4.903692918052980989e-05,9.235183505915203230e-05,-2.450800615488368820e-07,1.772197206858464142e-05,9.453163908586476125e-05,-8.663196135743397169e-05,-1.133841899807805348e-04,-8.808053413191138626e-05,-1.360698415795031356e-04,2.932170018626932220e-05,-9.897974182423473276e-05,-1.367825124115659566e-04,-2.994588554904200761e-06,7.110427751905586081e-05,1.184400745163909699e-05,1.464558348548554441e-06,4.160429069944926390e-05,2.558096817746359175e-06,1.129872503716908726e-05,-3.961923693879302954e-05,1.436358079946476223e-05,2.259942680792224136e-05,2.693599223409421346e-05,4.566988436679858928e-05,1.228114339014297163e-05,5.711270672821255382e-06,5.447584949109692970e-06,4.642049290349535573e-05,5.377731136350999083e-05,1.650434550717421150e-05,3.408652634412174187e-05,-1.231203790295442114e-05,2.318533856961379417e-05,4.792604046806542371e-05,8.060578690179514010e-05,7.638458212712885542e-05,1.872207772598174618e-05,-1.225182909823722221e-05,5.075286180824935489e-05,7.762265896315682391e-05,2.416483890775410334e-05,1.838030050294822240e-05,4.826730113087251338e-05,3.501869112748427196e-05,1.391755787819119457e-04,3.318596331308395261e-05,5.253852526049951474e-05,1.065273694332226795e-04,1.180717915402999067e-05,3.592499177434450435e-05,5.512922438608582981e-05,3.132306468263407573e-06,2.244170044585595350e-05,3.202493150602209437e-05,-4.554386332610466407e-05,6.270843190233539192e-06,3.368038756631771557e-06,1.696771373764692517e-05,7.246054362431620254e-06,-2.926512774403346227e-05,2.518716751647956075e-06,3.726174683198293550e-05,4.646357710714464379e-05,3.936195233071001001e-05,2.811582886783845761e-05,-2.759798276008106445e-05,-4.295498660125981165e-05,5.311975055690553056e-05,7.046491043867111708e-05,6.006619074744805304e-05,8.327964670323639948e-05,-4.399626668257510160e-05,4.771215557656147371e-05,5.613077338353436449e-05,5.965494655813479943e-05,5.295779280840733126e-05,8.421266967944449655e-06,2.245575732180996327e-05,5.115746874468283086e-05,1.251678606040200946e-05,2.496379006512973795e-05,2.603638251613160602e-05,6.592973122502167649e-06,-3.263968823644616986e-05,-4.432400390213626164e-05,-1.891801040871453034e-05,-2.402359914024673361e-05,-3.994405268842512460e-05,8.302954442971342310e-06,3.433589436514020426e-05,5.180473911963850005e-05,2.136696093708295567e-05,-6.249053068582323745e-06,1.166074513271131777e-05,7.857799912485301838e-05,8.315412100339278172e-05,7.688383948436839193e-06,4.331337451383883576e-05,4.205119004667254621e-05,2.058959276757032835e-05,6.370331197360577227e-05,1.826529982059811288e-05,1.270739330072683762e-05,3.359549985133917236e-05,-8.610676104223051962e-08,-5.741480579061739346e-06,-7.587386108500564693e-06,2.376424200313496056e-05,4.254058610578481209e-05,3.893014645314549064e-05,2.262215439616398660e-05,-1.000839032024166803e-05,2.993121482259966928e-05,6.895819463978687203e-05,7.218539872264932646e-05,3.577685197376735741e-05,8.870354102483541008e-06,4.077343786679194182e-05,7.024452444886050619e-05,1.853688241157818741e-05,6.148076051673586457e-05,2.150824542605011682e-05,-9.052081174912685426e-06,1.398949284004734144e-05,5.668918169671835911e-05,2.247178764810110505e-05,4.114463916610616869e-06,5.106401114493094336e-05,6.514709759796220119e-05,2.728096680774138482e-05,3.577361963771721919e-05,1.864851572176796243e-05,7.481756558325659872e-06,2.795872907329723019e-05,1.411755006459788187e-05,5.027934757571285126e-05,3.190130402888755376e-05,3.876385607890938421e-07,2.909243691404703424e-05,4.796908078742808561e-05,3.739629946446002391e-05,2.334607626691504468e-05
1.000000000000000000e+00,1.595386001438482415e-01,2.565701534673354711e-01,-1.172569450487025988e-01,-8.465841570259589888e-02,2.753828304589073586e-02,-5.727753705878194795e-02,1.227997530223157033e-03,-8.483059259482719425e-03,2.291608123526423305e-02,5.054756445803719987e-03,3.040768060764481237e-03,3.051301708820780903e-03,-5.798900699139374060e-03,-1.239326862078065847e-02,-3.479406784462874425e-03,2.079939467849847888e-04,-2.670642891136359130e-03,4.818730711273167770e-04,-2.463345751013877854e-03,-2.388555174086520912e-03,-5.718575976813650629e-04,6.250063351816675765e-04,-2.505953453734122106e-04,-7.434297019732718148e-04,-9.282025625048679219e-04,-4.272203556996826725e-04,-1.763331223111100918e-03,1.012581607521731734e-03,1.112388812114342343e-04,2.429299795140426807e-03,2.503224219081095787e-03,3.678482490855607091e-04,6.604440608322625613e-04,7.039947781417546947e-04,4.901814912261921167e-04,1.171576149280796402e-03,-4.448499976815250504e-04,-8.577459351031599790e-04,1.487373156416301248e-04,7.223641636984638259e-04,4.015155464157879627e-04,-4.632477630441579337e-04,-1.191147300394889775e-03,-1.903457091693632397e-03,-2.139834451925521925e-03,-9.474076449275214799e-04,2.673166257996712251e-04,-6.841793249876653967e-04,-3.023579087793575992e-04,-1.221299691269026521e-04,5.854952822056566338e-04,-1.316019554723119956e-03,-1.265095878866636953e-03,8.745207290930531252e-04,1.449356838728367309e-03,1.151829151504558078e-03,-1.617437704022930880e-03,2.377643735121159289e-03,-7.037870109816450528e-04,-3.423001530711782415e-03,1.011146762727864901e-03,1.163554489860104107e-03,2.927967873529085181e-04,-2.112041302275167835e-03,-2.642856527488754675e-04,-5.645872773210242924e-04,9.711839217117591914e-05,-9.824197875479552360e-04,-6.612352259316084174e-04,1.123904380101555271e-03,8.502734823960319968e-04,2.620297053388100312e-04,-1.092246113016247027e-03,-9.711874050868084815e-04,-1.268570487840255286e-03,-6.036940452783753387e-04,1.305637368622670916e-03,-8.319480632819108504e-04,-1.371173941082097720e-03,2.665866491859168004e-04,1.210316386329054594e-03,-2.213053363894565070e-03,-1.198471889134993277e-03,-1.983289352944131011e-03,-4.388264598470498863e-04,1.124640773619027230e-03,-9.920834096492964129e-04,-1.643156171416656043e-03,-1.128790001602205306e-03,2.941827753063136529e-04,-1.646074677468929454e-03,-1.303245662468118307e-04,3.842868522132679042e-04,-5.055647199512342763e-05,1.288833746529802898e-04,-1.505441333427855850e-04,-1.096144904039291466e-04,4.319509637531288525e-04,4.163356914633424663e-04,-4.631944412268027044e-04,-3.479306792143668629e-04,3.904918910343581394e-04,2.744784305784316709e-04,-2.257948247634413265e-04,1.429772971390404744e-04,2.593616493779787977e-04,-4.814391754545769973e-05,-4.168350910303297884e-05,-3.336744681104433698e-04,-1.784945516319885576e-04,-1.540369316979197159e-04,-9.563772146574748818e-05,-1.821708808263752431e-04,-3.212327549672101303e-04,1.096667243998134125e-04,1.890176951358043969e-04,-3.927274083075954123e-04,2.158751821414693289e-05,1.447950401028924952e-04,3.315747832403899246e-04,4.658361360947071896e-04,-6.840276256866374585e-05,-4.342156640599535125e-04,1.520004551216571124e-04,2.833894664115726059e-04,-9.206183438054353749e-05,-1.649392027755732838e-04,1.505898432908687665e-04,1.072963751238976266e-04,-7.486580959774537952e-05,-2.128190806324993718e-04,-1.745147948048301356e-05,1.268710976917884140e-04,-1.287514997488420549e-04,1.050405603373960546e-04,2.540079656409290304e-04,8.239860585198736950e-06,1.713841174885555438e-04,3.813659144141299108e-04,2.530567830717590045e-04,1.258784500157739974e-04,8.622638796673620860e-05,1.451350318376747072e-04,-3.735213894609188003e-05,1.123358239084123180e-05,2.324027630325847229e-04,4.240256736520925574e-05,-5.816062996535907874e-05,-5.028868800818956075e-05,1.372320451007887890e-04,-1.795759295642416963e-05,6.433307365248686906e-05,3.968657160539088100e-04,-4.350307017141902271e-05,-2.717847470140494902e-06,-1.082638198170402395e-04,-6.825843003072986639e-05,4.288638816879020805e-04,-2.476525414871877774e-05,-1.111616590563048663e-04,7.250324824787218985e-05,3.525691218286924303e-04,2.533135824545390460e-04,1.180796545344925023e-04,5.837831320853586461e-05,-3.163931431526409638e-05,1.826816677009512186e-04,-8.475219399408542137e-05,1.289502503265961661e-04,1.288493906214906919e-04,2.748894313075236082e-05,-6.857021567969924113e-05,2.008840579787284227e-04,-2.338114438218663312e-04,-6.293510765260725160e-06,9.231243138496426925e-05,-4.889301161342009391e-04,-3.931839434489876818e-04,3.092385341089853748e-04,2.558687853993539215e-04,-1.299709430322482150e-04,-8.980736305175925831e-05,2.853490581876743596e-04,3.855603986313152552e-04,-2.453180808482749724e-04,-1.236942163719836018e-04,3.914993585193669856e-04,4.922295784848916686e-04,5.277581615257548325e-05,-3.823010115624987724e-04,5.377988435999266119e-05,-1.586189425532950621e-04,6.563236698894993686e-06,-1.423577466787753444e-05,1.722414727173852890e-04,5.606552272597032077e-04,5.067301443025082515e-05,-5.257831142324151299e-04,-4.764679052405847664e-05,2.169514544369627546e-04,1.504047211676110126e-04,-2.033293901057339008e-05,4.065496956173836411e-05,1.637157015444053187e-04,3.832532685919465471e-04,-8.799543056729920839e-05,-2.548125615469412565e-04,1.934179421672935456e-04,-1.583845240630910663e-04,-1.079976624614093705e-05,-5.298416589113927176e-05,-5.207597860076173700e-05,-2.634644348304108379e-05,-3.263945528060846328e-04,-6.891585482101503886e-05,-7.964248714790043613e-05,-8.695378927470385458e-05,-1.496698579132250593e-04,1.504331470682347888e-04,1.337303878420681896e-05,-1.757525629507465594e-04,1.538682870975116828e-04,1.294674196129369864e-05,-1.388517382074787906e-04,4.700485226946830240e-05,-2.326717947156859952e-04,7.608278561084160635e-05,6.068834028976039207e-05,-6.377537921128630582e-05,-4.004701297500137450e-05,-1.377762680247419069e-05,-2.405095353002493824e-04,1.312687106530045192e-04,-2.730694582224548503e-04,-1.029958236008730470e-04,5.149446713722998577e-05,-2.819419711201265506e-04,-6.322131029307049069e-05,-2.978074749187179892e-04,1.657980642903309398e-04,-5.062842784577748704e-06,-5.490038389219321956e-04,-5.642810973772840116e-05,2.369452996963889238e-04,1.320434009334944488e-04,-2.398150197109370047e-04,-2.269502693133751902e-04,6.657139389611891158e-05,1.608208660428314381e-04,-6.075150127293821236e-05,-7.571744450385100095e-06,1.297022026246434087e-05,6.616810567797823015e-05,1.444298311094879622e-04,-9.357416768965648121e-05,-8.161650120961652047e-05,-1.400897687574511501e-04,-1.465535592286688026e-04,-1.125974518015501714e-04,-4.712353179591345230e-04,-1.767575498676723521e-04,5.980175112774952932e-05,-1.746347393014779285e-04,-7.253771568718272186e-05,1.727397185833982028e-04,1.751636235119904278e-04,-1.123093647715934493e-04,2.738970565163447151e-04,1.056175923935328165e-04,-8.291981278160715136e-05,4.671592272250652515e-05,-2.045113124999211707e-04,-2.955363003871334048e-04,2.227033062085817235e-04,9.297322707780395390e-05,-1.350354529655558081e-04,-1.130818180333909956e-04,-2.672840980851789875e-04,8.184363023795535204e-05,1.455997915557217116e-04,-2.665935739609080171e-04,-7.359592679044044225e-05,2.267009552760519274e-05,1.667313913497578436e-04,-1.193349044237676011e-04,-5.351359514391106042e-06,8.472842792617002320e-05,-6.657821056796051388e-05,9.740451867444690256e-05,1.799151022478560707e-04,1.137258173408863508e-04,-3.721479278893865687e-05,-5.869901875548170708e-05,1.579603804358007400e-04,-5.089026203367390223e-05,-3.766946089411942443e-04,2.150806067107804455e-04,2.065522230727372132e-04,-7.155765622282588164e-05,-1.661656727401236646e-04,2.468678593486880817e-05,-4.516632337896248414e-05,-8.044622696473664573e-05,-2.127190727858076891e-05,6.993472343957968370e-05,2.486647980068602479e-04,8.882405001036255238e-06,-6.225940427915687867e-05,1.776855492879348157e-04,2.300074887604687654e-04,4.485015007114847332e-05,1.278609020822717711e-05,2.824319603189146466e-04,-3.388502119178311530e-05,-2.691645717067981270e-04,-1.067120092533618885e-04,-2.054296175710123966e-05,6.598522751083792711e-05,9.094894750628176492e-05,2.304201473355850635e-04,-1.210548465461451512e-04,7.993611791782147789e-05,1.359456005480205471e-04,-6.874657269184243039e-05,9.259171849485880524e-05,6.793834104935231896e-05,2.948471397593691620e-05,1.392279141098612242e-04,5.635745587014533961e-05,4.961637850662167602e-05,7.845965395219448143e-05,5.819072894901482131e-05,7.063141472055597405e-05,3.553306041516471277e-05,1.533891380612850924e-04,6.621118138960952989e-05,-2.295685951894573798e-05,-6.437754203890603904e-05,-5.933098652929154928e-05,-1.158780350675518261e-04,1.090618062526417352e-04,-2.191157258780693882e-05,-1.857010021626935570e-04,1.412024278567821294e-05,-4.115150089507875730e-05,-5.561313258707586461e-05,-7.089085478876888137e-05,-1.504788292854426215e-05,-1.070783730354740455e-04,-1.270324903734822305e-04,-3.690933835548350535e-05,-6.792748682708784019e-05,4.658274885757508039e-05,-1.831336447338167191e-04,9.171413309608367052e-05,2.386001311839526160e-04,-3.414016419388860740e-04,-3.016249919577327691e-05,-7.741031368402754372e-05,6.024409803759709314e-06,-1.080226562726723178e-04,-7.398518851804830655e-06,-8.315703510319295258e-05,-1.111747467271426169e-05,-1.060538658858281764e-04,1.304659315933992704e-05,8.714509643544300719e-07,5.072731244738683022e-06,-9.615175978439392335e-05,-9.982039251552993583e-06,-7.796406335125554397e-05,-1.259116900837585365e-04,-3.539529706822788882e-05,1.557267686898124314e-05,8.210969498039122512e-05,-1.068641311464363201e-04,-4.386927406553693047e-05,-7.183309328994281606e-05,6.650815032105740780e-05,-1.336050525155011901e-04,-1.195062322464215002e-05,-1.885859993952369341e-05,1.540711977616758801e-05,1.324188409205659877e-04,-8.335520417235770853e-05,-7.569142117896422717e-05,-4.279361223234854646e-05,-6.555468562527721782e-05,8.301227953669226649e-06,-1.117631094823697512e-04,7.799676606683379168e-05,1.236493590322255313e-05,-1.211199533205606935e-04,1.255936747320301377e-04,7.182566527296845276e-05,-2.945956190605373372e-05,6.330248842301698133e-05,-5.705528881709028130e-05,-9.371212394821173389e-05,-4.372962803045179548e-05,-2.214142169790147231e-05,2.939312509548933171e-06,-4.862066101802710425e-05,-4.628720069196592724e-05,1.178455549489190740e-04,1.585817210043810144e-04,-3.152768801747082047e-05,-2.275074488313918954e-04,-2.123914820112776051e-04,7.279442127780721444e-06,7.809787003790782901e-05,-2.121071013483094755e-06,-5.306559161708725050e-05,-9.123056852885174208e-05,1.869101732605583368e-05,-3.230007986925115359e-07,-2.154077404393780299e-04,1.062170271440907840e-04,-1.263459448881225355e-04,1.837876283767429808e-04,-8.935873722408025212e-05,1.033440250771113726e-04,-1.410617310866288714e-05,-3.283846438599920476e-05,9.481542822281363310e-05,-1.313265931730416328e-04,-7.144239346174160663e-05,-1.198965009809318060e-06,2.690675340858403363e-04,-1.441684949295465033e-04,6.144015957859416200e-05,1.783474787086659677e-05,7.123209642838469822e-05,3.098149603932384726e-05,3.925256505529585763e-05,1.111519728943043643e-04,-7.099491828417972604e-05,-1.398914175151789573e-04,6.341884458793812889e-05,-4.549572380699675090e-05,-1.648287702138939603e-05,2.926660840988812398e-05,-2.894523719751349044e-05,2.031336946323903530e-05,-4.487168742672055239e-05,4.027134166414422990e-05,-8.247353673258354359e-05,6.456633786692888722e-06,-5.398264084747384135e-05,5.948386309103452068e-05,-6.476166194935881019e-05,1.629555060038978746e-05,6.108781217342537553e-05,-3.935122950639521492e-05,4.323284608424344020e-05,-5.548022269905036012e-05
1.000000000000000000e+00,1.377787416431360545e-01,-1.717673043695381110e-02,-2.910198739595967060e-02,-5.015958285883488632e-02,-2.343503072880131696e-02,-2.272394950390090387e-02,-9.199172991328944532e-03,-4.226360336442892829e-03,2.098819494415789591e-03,6.017501298758306909e-03,4.170955496534193598e-03,4.745874875425678749e-03,-5.902459597056190603e-03,-8.217270471457161982e-03,-2.805784258613164489e-04,1.763790468515302778e-04,-2.989174177645629368e-03,1.084304238419419100e-03,-7.034969315880471160e-04,-7.574803637455418707e-04,-4.972427074411533542e-04,2.904310081056617697e-04,2.953793435485569177e-04,-2.758052040490164051e-04,-4.574982991417319233e-04,-2.475471139976981425e-04,-2.210923297927764653e-04,3.443925318007241224e-04,-1.495003746466957431e-03,6.430322076843764025e-04,4.790255911308229498e-04,8.989201765302173028e-04,7.370164673020828316e-04,3.493497670567687345e-04,-1.045378735167518027e-04,-5.328415731681074887e-05,3.140691154654799960e-04,8.891182425974744922e-04,-1.329712649067458293e-04,-6.609966006068550336e-05,-3.832064118184686256e-04,-7.331152347900270509e-04,-4.703849056747398628e-04,-2.727731956309142176e-04,-6.964549718883537551e-04,-6.627331621227612731e-04,-1.212292352682983065e-04,1.482244003182725750e-03,-9.645943040841072199e-04,-8.407792148104624354e-04,-5.971782694733299016e-04,-5.032276285851856098e-04,-3.097372924979785078e-04,-5.316911428772328743e-04,-3.142467165511497003e-04,1.392464864192137334e-04,-1.715085461185587192e-05,-7.210948789847511733e-05,9.932783862484456888e-05,1.334077586007289345e-05,-6.530498200510822171e-05,-1.545960778179643206e-04,3.487481516128398658e-04,4.668389155417244831e-04,-4.033129221428343451e-05,4.341465155269641355e-05,-2.128643896866016724e-05,-2.646468162016677220e-04,-5.158666490955545652e-04,1.283855941438557895e-04,4.759035847902751918e-04,-9.719502758174845640e-05,-1.469682969722142687e-04,-2.199567682901217545e-04,-2.948216490161790311e-04,-3.871064466555107172e-04,-1.903547589036401531e-04,1.243967695566442183e-04,2.760006483819676232e-04,-1.908233611577627798e-04,-2.434963889093852744e-04,-1.219163240496235634e-04,3.697711470979296155e-04,2.069393001861636651e-04,-4.149243614492134825e-05,7.240208537992397198e-05,-1.054126321310081857e-05,-9.826223635809574943e-05,6.819034588443568579e-05,-4.799975391093818029e-05,-1.680292138262652201e-04,-9.725051421097254090e-05,6.723871494049249128e-05,-4.988412902223520270e-05,9.402407434398275864e-05,1.255886501136439532e-04,-1.940193296800113657e-05,-8.552646280153156165e-05,-6.355835057714925070e-05,-1.923264022017802779e-05,-3.555280007190497537e-05,-1.079619997449949925e-04,-7.400225048212093952e-05,2.443957469841321833e-05,7.415392175473755297e-05,-2.753289513359196317e-04,5.482844487392352480e-05,-9.566875317144973390e-05,-5.010557059927169167e-05,-4.325121786181485467e-05,-5.489265222006431557e-05,-7.154069608857730497e-05,-2.821957451831552918e-05,8.382926687576475969e-06,8.665690846137240441e-06,1.150763217652913528e-04,-4.928354775010714863e-05,1.752130997176944605e-04,2.192166241680771103e-04,4.756937187974725665e-05,-6.017583772366266823e-05,6.528692040748029139e-05,1.500211496614413267e-04,-6.568570902905375008e-05,-1.604218160808764879e-04,-6.927775183569579950e-05,2.663034757357291053e-05,-4.225983947087801409e-05,1.002060155738784354e-05,6.566688400454486299e-05,2.805687476452342505e-05,-9.133586914995410781e-05,-5.744134535214981245e-05,-1.978898021335087396e-05,3.896549389351734873e-06,1.072797515136868188e-05,-1.017864215082367184e-05,-2.217111914587483902e-05,1.411569020322166677e-06,5.782589986815154067e-05,2.496528219000704440e-05,1.160115069232214892e-05,1.067668795870240496e-05,2.993482850066669088e-05,1.106223307087546408e-05,5.897147482684223811e-06,4.580348967732036821e-05,6.650847782710319952e-06,-9.759199822759454903e-06,4.736273123237690037e-05,8.900851820066384254e-05,5.681811445082578043e-05,4.277780961860012850e-05,2.818995671467253970e-07,-1.121151888483154710e-05,3.455682179308118876e-05,2.114163591297361862e-05,7.725547540002114253e-06,-1.538338837492424840e-06,2.863306034092090952e-06,-2.325464697756878318e-06,-9.865859741233864343e-06,-7.031455795272577094e-06,9.396862935582614345e-06,-2.614494088947733500e-05,-2.655108648823876493e-05,1.192852999890085764e-05,1.042541993743666704e-06,2.441743060786129863e-05,9.586623428246761561e-06,6.829513452512781560e-06,2.840543268890724255e-05,-3.138918010276034942e-05,4.837267945722119642e-05,2.070065200196164637e-06,2.008184831174757875e-05,5.099454309290377173e-05,4.238847321466538462e-05,-2.468811281565127390e-06,3.423853251448142395e-05,6.759831467158657027e-05,-7.647002716514340339e-06,5.708637727109612016e-05,-9.776462846722604931e-05,-1.558526637198755463e-05,1.043954977883512419e-05,-5.523581430330861612e-05,-8.686915348768143837e-05,-3.629474501631864511e-05,-4.457539257956907869e-05,-4.344647734040777120e-05,3.841518162357126038e-06,2.004612030667579590e-05,7.343980202974586581e-05,-7.616869159995512731e-05,-1.430875933177376265e-04,-3.374637870882502661e-05,6.898283437455054177e-05,-5.570075198317630183e-05,-1.329745073117009804e-04,-3.845033612607197588e-05,-5.429830035998853657e-05,1.924797766492272345e-05,3.075555173756201619e-05,-3.127763948647077462e-05,-3.754966206510826495e-05,-8.346736238138469148e-06,-8.962640227372849379e-06,-2.000043828009816257e-05,2.324108322074468409e-05,9.370859435425751640e-06,-5.536254291588048874e-05,-8.913429166101751225e-05,-2.531113724113013443e-05,9.152135991119918494e-06,2.688520336273924019e-05,5.909167225401481029e-06,-6.215932408747399231e-05,-1.182381098005287108e-04,-5.087540417563804322e-05,2.584610514780588737e-05,-6.344339146138167899e-06,-2.895327412211594207e-05,-4.649820912157329660e-05,-7.291026773892424358e-06,3.389312013033011746e-05,1.472580498851386354e-06,-3.099439308046199418e-05,-3.141249463728627964e-06,2.171516056542394088e-05,-3.216031632222855991e-05,-1.210604683212156390e-05,1.095266358757876271e-05,6.266852799731116984e-06,9.382578740281708891e-07,-7.360472602723886653e-06,6.355424573667244540e-06,-3.378150734978168724e-05,4.987828274172559362e-05,2.376338214386272964e-05,1.348255046211450112e-04,1.519622401626056021e-04,3.373251444118308145e-05,-8.457229149292337525e-05,1.300031065984081285e-05,8.703372417547211668e-05,-2.739175115270057236e-05,-6.784177057977461075e-06,-2.905952403309794541e-05,-1.887533943285320129e-05,6.808327926619313618e-06,2.020259243166749213e-05,-9.541575700113327706e-06,-2.953937846448632593e-05,-1.079075068217149592e-05,3.262071012426442078e-05,5.228812120219745996e-05,1.836719638833829576e-05,1.652104832868272027e-05,3.131261900897935662e-05,1.221885378173986377e-05,2.258175060444921747e-05,2.310736513051913672e-05,2.118468710594695735e-05,9.329717401483782579e-06,4.687413346250031558e-06,3.240703304687266896e-05,3.341541578236018566e-05,3.764936519075090152e-05,2.745031739431259051e-05,-6.123212185437745497e-06,-1.576446288608295232e-05,4.007591556959926683e-05,5.814836321583753996e-05,5.594106455914969137e-05,3.364465172906041341e-05,5.739291605496297974e-06,8.516375186349436715e-05,1.046106914809699932e-04,7.062531144406637349e-05,1.701714798813332055e-05,7.021698743998112024e-05,1.303352740068359703e-04,6.533309105744327576e-05,-2.940345648753077542e-06,5.837718456018277678e-05,4.985569324667418707e-05,-1.205312212334359780e-05,1.132072221584299905e-06,-2.163814259041355208e-05,-1.073015255479528075e-05,-2.006688280057384403e-06,1.000786272731833058e-05,-1.820416571005450788e-05,9.096528335794959268e-05,8.253988240880623850e-05,-3.795470679461651636e-05,-1.027914150424866381e-04,6.829942076058016025e-06,7.869597392383440666e-05,-1.462633909683790319e-05,-3.250834952101105258e-05,-7.005442857536008691e-05,-2.966412842279533965e-05,3.760690432082914984e-05,5.951343068985816460e-05,4.085571374361962619e-06,-2.782417506997256028e-05,-1.956686142239062856e-05,-5.639993344005949342e-05,-3.720648232544210082e-05,3.895708356676806151e-05,6.958932299775385589e-05,-2.585209831602779584e-06,-2.430197254963243107e-05,-3.580665481699055690e-05,-4.158978845848458898e-05,3.064085120572367522e-05,5.411726572215705704e-05,5.771574280632699538e-06,-1.966850821605724584e-05,9.496604766316586591e-06,4.056033021640333228e-05,3.848945968564182300e-05,-4.287982563498208839e-05,-7.249845267704355090e-05,1.573896739452072927e-05,1.418640830005350566e-05,-7.766921751545968235e-05,-7.757336569821381470e-05,4.367874621263002337e-06,-4.340106784346973372e-05,-3.354241355732830745e-05,-2.052005719547445460e-05,-1.645696337688632794e-05,2.068535898210510308e-07,1.155552166634488744e-05,3.084719292216705648e-05,2.022667656410093238e-05,6.764688010533783356e-06,9.599162052714226091e-08,1.416456365144447191e-06,4.523077113678291527e-06,8.619037351071791599e-06,2.244649701895346108e-05,2.876180995136854557e-05,1.659553501538127773e-05,1.706133451205021578e-05,2.799118614463731893e-05,2.051094222552290029e-05,1.900054593426412223e-05,1.073882107410527433e-06,1.598196949993683203e-05,1.850203751856564690e-05,3.878482436708732237e-05,3.202076250605786871e-05,1.075237649506872966e-05,7.334801162019380366e-06,2.139842720409292073e-08,1.702364503374357394e-05,1.776516692718422009e-05,3.572254162917249052e-06,6.606425471775335566e-06,2.079438648494388270e-05,2.810681651924105316e-05,1.780997654888143074e-05,1.937213776287041017e-05,4.441363235134784213e-05,2.779020582921264867e-05,1.175580964679126155e-05,1.522510811295641870e-05,6.540513700969196733e-06,2.209179276746449645e-06,7.245217112856188660e-07,-1.213993410704225230e-05,-2.822636310165860576e-06,1.359686077380979580e-05,2.414199399267588620e-05,2.167483432102438001e-05,-7.527928579416942622e-06,-2.032298161664230623e-05,-1.653837097129523732e-05,8.347137946670913085e-06,3.947027551221278887e-05,3.928908720885107141e-05,-4.240074838588924918e-06,-2.805672820551528059e-05,-1.512388692151234190e-05,-1.136315593156085251e-06,-2.853462244350610147e-07,-1.174454772107539160e-05,-1.085821055594283230e-05,-6.565250226160596734e-06,1.448960587219034552e-06,1.537359779326476980e-06,1.394158612947030788e-05,1.722461984668638172e-05,8.304307369167155385e-06,2.771849155425734840e-06,1.847991553561498235e-06,-1.685945384910661761e-06,-1.924654915665019550e-05,-8.893004327001125228e-06,1.250275676869574381e-06,1.015665147042463458e-05,1.850462938890593321e-05,-1.166621646911595090e-05,-5.327693301568805481e-06,-6.120104452290652281e-06,4.039770806040268828e-06,1.739750312727081580e-05,-1.385427679041223012e-05,-1.115011502366173448e-05,2.592523369582050676e-07,-4.162342898639947280e-06,5.166700831907293584e-06,9.171689249379630918e-06,-3.642889967397972518e-06,1.006694046703428500e-05,8.173480470434922045e-06,-1.313672463553756443e-07,3.224095902777963481e-07,1.339643304440900869e-05,3.753226614090270946e-06,6.621632236461384239e-07,1.144231848522199182e-05,9.034804838930190682e-06,5.175756968319657772e-06,7.558834435941368731e-06,1.555394302429053788e-05,1.153552972931865007e-05,1.641666846760370235e-05,5.520075933122930459e-06,1.024266211927055218e-05,1.766955425350428462e-05,8.589441853805666793e-06,3.670019471766537312e-06,-6.095033103212061049e-07,3.141994601416804956e-06,1.357649093920040186e-05,-4.331481106191009973e-06,1.660296900803684543e-06,8.485094519867080948e-06,-8.430228676763194928e-06,-1.806957509309905154e-06,4.421018227671563136e-06,-4.387747579203498234e-06,2.724204833785062492e-06,7.118561102201131837e-06,1.439928343214552150e-06,5.225186428503423515e-07,2.445204350226913147e-06,4.750641562283399102e-06,1.352648578151883393e-06,5.352377295734407108e-07,-1.248930269002605709e-07
1.000000000000000000e+00,1.694881530183924567e-01,1.951333499838363295e-02,1.335936178864649028e-02,-8.076408375893895375e-02,-2.870795956894795983e-02,-1.319918495358144220e-02,1.213798295989381099e-03,-6.499661061852684760e-03,1.408818104380987193e-03,3.516193621448749696e-04,5.362652284281047357e-03,-2.624405014877423305e-03,-1.661656429937446305e-02,-1.562572662337350900e-03,-1.773945270020751714e-03,6.477590032590331559e-04,8.791726488144686272e-04,-3.337744187333434916e-03,-3.214052844897931360e-04,-5.432522802935492575e-04,2.608379178137954337e-04,1.096323272219155352e-04,-5.351636162769405703e-04,-1.130738140311801079e-03,-3.735655777382741781e-04,-2.794210495527252249e-04,-2.249898905879221638e-03,2.858048129160525343e-03,9.439280658443437774e-04,-8.877518258776933733e-04,-9.872659222686635400e-04,-1.067643513626199796e-03,-1.351897919489115614e-03,-7.406364022564683978e-04,-9.872027086078138773e-04,-4.503138845147934772e-04,-6.879388165029260609e-04,-3.064469235744131468e-03,-4.120866843029108158e-04,-1.270135836828635827e-03,-1.301583408105104651e-03,-7.708089627629181049e-04,4.475721531849561241e-04,1.191767312161081797e-05,-7.169987541066438243e-04,1.119267964997061279e-04,5.411249980767492097e-04,-1.384653999029152602e-03,1.495384468476151311e-03,8.741316452683268318e-04,6.142715481152364676e-04,9.202113817184457952e-04,9.020968390762011159e-04,4.322887932586381033e-04,5.229543143862089684e-04,5.350343689694049294e-04,-9.764581374539951883e-05,-8.260199451608451994e-04,-6.297458190354740136e-04,-9.185224413603216480e-05,5.281039091019920726e-04,3.223818977851394731e-04,-3.545016461430620285e-04,5.564071941310972457e-06,-9.558748716045726993e-05,-8.002387586302642849e-04,-9.436009696509432571e-04,3.527672624275440295e-04,-1.747828068462917929e-05,-3.170785889861765512e-04,-5.044408380708894756e-04,1.459194720736614625e-04,-8.066282814930287454e-04,-1.391860400609947097e-03,7.331040261756002396e-08,4.998244531807741068e-04,-1.276401926260357727e-04,-5.658394621867818221e-05,-3.411443829067626514e-04,-1.020940500801868203e-03,1.934529965399186364e-04,8.186392793357927982e-04,2.565360741911237559e-04,-1.091066443008246968e-03,-7.488710003684718747e-04,3.397470294306260659e-04,-4.701640167203070169e-04,-1.051651413508517376e-03,-3.654759187975090834e-04,-5.639588182253368063e-04,-3.302821369481211307e-04,-2.667796168500853897e-05,-9.938065164037460911e-05,1.394980738870108471e-04,4.936393893602214814e-05,-1.398963130270130324e-04,-1.834312452582366655e-04,-1.006211997061842587e-04,7.695284904391304782e-05,-4.060484545670542274e-06,7.328734697123099424e-05,-5.308888692837532459e-05,-2.671460286092602448e-05,6.713208159082400216e-05,-1.440882678676844750e-04,1.265409940837477099e-04,1.554406107166058293e-04,5.216231561126571199e-05,-5.801329523009745085e-05,-9.596066491493057888e-05,2.864021795292267440e-05,1.566049166696484451e-05,-1.366117926579978297e-04,-1.425740164636746558e-04,-6.543197290005997081e-05,-2.153314403047534614e-04,6.112639539375705801e-06,4.006568387184558324e-05,-2.118377198912962446e-04,-3.288400124350092965e-04,-5.103637978991707078e-06,7.155002747097149269e-05,1.872563088686328837e-04,4.772910946505692914e-05,-2.171814206339884624e-04,4.803180633977306328e-05,3.826580186975949669e-05,7.034400673782687907e-05,1.159581981453373402e-04,2.484668562306002857e-04,-6.375988926311130579e-05,1.565513444400449801e-04,2.739255003208233494e-04,5.804839141613202019e-05,-4.681438083746275789e-05,-9.635441099151538990e-05,-1.163819422474284470e-04,-1.702754855955999501e-04,5.961188695929516972e-07,1.676523189119286916e-05,2.964879835559970257e-05,1.503346504828380727e-05,-8.833806734423261446e-05,-1.281750240767223444e-04,-8.033689348546070531e-05,-7.707150886844435535e-06,-1.018073994931157218e-04,-1.359523434809626415e-04,-9.235138187560696624e-05,-4.191079137493227720e-05,-5.393837553621536269e-05,2.169619475968076466e-06,-1.716635118302634337e-04,-2.374236668511949303e-04,-1.380079081844052787e-04,-9.342403883936261256e-05,-1.579275429991509134e-04,-2.173330605365015396e-04,-2.451883811896153793e-04,-1.602842195838131403e-04,-1.046722846337248911e-04,-2.261921100436954071e-04,-3.364229012718710030e-04,-2.555057000402000708e-04,-1.151452731723757208e-04,-2.998356594141386678e-04,-2.034472586031683039e-04,-1.035000336589136775e-04,-1.005804596861780819e-04,-2.346244403381522007e-05,8.124867611493349526e-05,-2.601120224404569964e-04,-1.346048476867941590e-04,-2.399967514058912817e-04,-5.222713089528172828e-05,1.167920276719163289e-04,1.072137133816330577e-08,-1.551194678953434722e-05,-5.401729211926396704e-05,1.243191839694562462e-04,1.464406202641635858e-04,1.577598316604661259e-04,-1.374943957733674971e-04,2.170839885487996169e-04,6.228099996151430131e-05,-2.176708049789544196e-05,-1.051788577146902217e-04,1.678787632469078898e-04,7.622848145230126719e-06,-1.913023584864464392e-04,-5.356415614485651603e-05,7.188832385438609829e-05,1.704461555284249785e-04,-1.640687199985691358e-04,-2.739986866843085512e-04,4.559340953660567965e-05,2.079265637253266874e-04,1.531855330822114484e-04,-1.790742661944117961e-04,-2.592946774166103563e-04,7.621622521714424038e-05,1.037217476538264551e-04,1.293451416547569373e-04,9.181236001634435380e-05,1.413981577737032077e-07,4.080136473884037881e-05,2.425946748017098733e-05,-1.964897616905646543e-05,1.050469168767664558e-04,1.893165727305250894e-04,9.302510791610099357e-05,-1.275194975572645612e-05,-1.792587802639975750e-04,-2.993939191239476511e-05,4.310281851190225354e-05,4.660243156685170510e-05,4.735457366822900334e-05,-5.066103140635408832e-05,-1.827878964454305113e-04,-9.525703956268837067e-05,-2.041200120688423623e-05,1.209956789694324886e-05,5.263054407280926048e-06,1.089729655630086030e-04,3.363548867846891902e-06,-9.496404361979350801e-05,-1.171801912943988186e-04,-8.084210354826238824e-06,1.704251566605009599e-04,-1.361841415226471602e-05,7.458894252769515806e-05,2.371682787012872038e-04,4.688051935833476567e-05,1.591928333872771331e-04,2.257620374397962561e-04,1.043518440329508620e-04,2.076318010887385622e-04,-2.445986466256753594e-05,-3.142239566469314611e-05,1.179693085228529037e-04,1.516384492188102898e-04,1.391682138217807630e-04,-2.620172902366753190e-04,5.742424773197247291e-05,3.493363018590146763e-04,5.106013572112670212e-05,1.944793737438408135e-04,-1.971312712601714094e-04,-1.589161175439545175e-04,-9.787882171948131813e-05,-1.724725066285646600e-04,-8.503270179187077287e-05,-1.556434927152881256e-04,-1.470582737061368708e-04,4.536638484856803127e-05,-2.796330483483408516e-05,1.702173078638378606e-06,7.697536219361850551e-06,-1.578741849800967376e-05,-1.744338411447573503e-04,2.992603655343983139e-05,3.059134084504383988e-04,8.466686894410939423e-05,6.372161346418265973e-05,5.795998039734751202e-05,-3.323276575360180704e-05,-3.557671203829636250e-06,1.119136934350312628e-04,1.914812637056795177e-04,3.067596628999544740e-05,3.033607960565666017e-05,-7.119478651939571061e-05,-1.523244937513638598e-06,3.514103988427679063e-05,-9.365038983287832567e-06,-1.852620305438077268e-05,2.957585517400335536e-05,1.172309318481709064e-04,4.648201930592021816e-05,6.949253280954650132e-05,-6.832464455187925499e-05,1.248307553018764720e-04,2.498426393900918274e-04,1.810197550941288890e-04,-7.181134749459656811e-05,9.545317657636352541e-05,-4.384847342543716982e-05,-9.316152496114502740e-05,-1.378232102916488388e-04,-1.152116777436512586e-04,-9.706060866146493758e-06,3.058410393111635515e-05,-6.997100570524180546e-05,8.324216281331865415e-05,1.502975831283255212e-04,6.503937934987086397e-05,-6.898306739560289248e-05,6.177092663232211576e-05,1.628936736479450983e-04,9.824721423673564782e-05,-6.668530166901882872e-05,-3.538787055096146258e-05,-4.879438406788224816e-05,-1.466655789477969629e-04,1.819636436960880962e-04,7.259826527118779980e-05,-8.821817198862813396e-05,7.916767688063290991e-06,-5.487978379156063362e-05,-1.896725232375530261e-04,-2.096951244152189082e-04,1.433399997882747702e-04,-1.258231921842966391e-04,-2.713235797247655519e-04,1.580854664616584136e-06,-8.581190824901617975e-05,-4.787772742985091590e-05,5.339131346405683298e-05,-2.242619156302264104e-04,-2.067768722128475066e-04,4.496834286994154552e-05,4.190006414238201383e-05,8.316560688307258488e-05,-5.343241632694764728e-05,-1.824292414271221747e-04,-5.301656569414344014e-05,5.426617324678219376e-05,2.216451938055419982e-05,-1.652266985953078566e-04,-4.567269700315182223e-05,-9.939006432996196636e-05,-3.323527983860741631e-04,-5.764726139412889536e-05,-1.251606948091123727e-04,7.654960144414301251e-05,7.731885500885770767e-05,-2.239394705734945438e-05,-3.266560156076820553e-05,-4.547029497467199235e-06,1.004879794753268769e-05,3.049755934542486520e-06,-2.451104079445807880e-05,-1.227147957037086528e-05,-3.348018938206775828e-05,-1.850210314318157372e-05,1.382381683728795021e-05,4.514968210492004315e-05,6.827109706786313058e-05,3.669721855130611939e-05,6.648894482173922887e-05,5.172187622277200084e-05,3.979301106809110848e-05,6.779732413556703318e-06,-7.690111667819847616e-05,1.520589498093257808e-04,1.164368779761492154e-04,-4.967963299990230300e-07,7.555662159607835910e-06,-8.834764267505271214e-07,1.195841927241331193e-04,5.864895594119000783e-05,-5.124745150786151355e-05,-4.301738952557018363e-05,3.675106546561073695e-05,1.826467185053484384e-04,8.166661592368945209e-06,3.153858819190046117e-05,7.072710881817384802e-05,-4.001366248452741875e-05,-6.991726079947215515e-06,2.921038861015177885e-05,1.560527761336690281e-05,1.648299051055673281e-05,-1.178921233282746646e-05,-1.864743994450957716e-05,-4.756577917641258911e-05,-1.420931739976911295e-04,7.632375083530872973e-05,9.325687421603557064e-05,-1.919330018924327575e-05,7.675537761665027615e-05,-8.944752189710731703e-05,-1.436598403584455925e-04,1.217202267151668021e-04,5.359326138071301954e-05,4.045627638747220146e-05,7.086596718241837606e-05,2.053908187794808581e-04,-4.945053696807414728e-05,-1.161275050020459126e-04,-4.891725390297229546e-05,1.316201094902421124e-04,1.120638419636405051e-04,-5.906874019600395444e-05,8.493043902212310048e-05,1.112111693425302223e-04,-5.033721943904319242e-05,5.904613689247512867e-05,6.131543479590327941e-05,3.916072295042769718e-05,-3.685160900884079725e-05,8.587527514216160447e-05,1.124180804026666041e-05,-1.313139690952925198e-04,2.607632535615120277e-05,3.105655576870474809e-05,-3.194856532553047269e-06,-7.136844609701700412e-05,9.371213632903204762e-05,7.333148644362933453e-05,1.333011159685953155e-05,-1.194321197771587158e-05,5.711050017197779672e-05,4.427686878308416407e-05,3.902028071145428726e-05,-1.213269143898798301e-05,6.073315567011941659e-05,2.925913778447881226e-05,3.560963017505922734e-05,-7.927951904713280017e-05,-6.770973567060865829e-05,-2.117569985344274980e-06,-3.227408992560754504e-05,4.556004828823567151e-05,1.167737585953848068e-04,4.329302844056896494e-05,5.179288966536327398e-06,-2.389278966382380948e-05,8.734053835740456851e-05,6.481169611853376073e-05,-6.319705085790780844e-05,5.030053905277152545e-05,6.306359299980654237e-05,4.780159770332392626e-05,3.391188042389545139e-05,-1.263835602719119125e-05,-5.227473938875263326e-06,-1.552861402954022049e-05,-1.267602357925449225e-05,-1.441847891007366481e-05,3.168445439488932699e-05,7.629341820668278113e-05,-2.756141962694574270e-05,4.803871622857491905e-05,2.815528157030356589e-05,3.019273342371973448e-05,5.313992128905797570e-05,9.012265355312501849e-05,-3.040079689226393516e-05,8.577634944878400995e-05,4.363146376468618904e-05,3.476626410833085293e-05,3.461014314061373068e-05,1.773066203051879586e-05,-1.185469421899154118e-05,-1.708103111703159743e-05
1.000000000000000000e+00,1.505864913234277180e-01,3.106163243066337731e-01,-7.861750172371297085e-02,-3.353340300744431235e-02,-5.505040542901919187e-02,-3.207170101908770471e-02,-2.995034265470717175e-02,-1.421774444677322696e-02,-1.252103844139661713e-02,7.599377028341625963e-03,8.670738092046294948e-03,-1.228556305927139790e-02,-9.915082930077175408e-03,6.485413583064260704e-03,-2.339115499332187695e-03,-4.483761479826984197e-04,-1.666738880411512431e-03,1.663621959630267504e-03,-1.222740852310042143e-03,-1.520143494087197863e-03,-1.376462345065261475e-03,-1.189742787135525956e-03,-1.316421764362773073e-03,-6.807841451458082746e-04,1.599715349828775954e-04,3.932957768819074864e-04,-1.068882846573204716e-03,-1.604507357763471434e-03,2.941938733846873196e-04,6.067918307657200767e-04,1.857092202376045683e-04,-1.833409016307452875e-04,-2.821102970224969106e-05,3.403606118973404146e-04,1.735439531345574606e-04,-9.332275450357883537e-05,2.449502693394952778e-04,-9.301204377987177347e-04,4.764820315181183250e-04,-5.383005814514430030e-04,-6.219301974997690653e-04,-2.357083668347466072e-04,-1.878792955708539602e-04,-1.276070584557552237e-04,-2.445782816560586261e-04,-4.299265516676115118e-04,-4.306708289414524484e-04,-3.658796584407465855e-04,-1.825527617327641757e-05,-3.568456907172514098e-04,-5.501898734990174483e-04,-4.429227150324830916e-04,1.806802620578399309e-04,-1.736794421756290537e-04,-1.240525756969470530e-03,-4.968213068971350302e-04,-6.297192263833092810e-04,-6.924216148367426382e-04,2.608791324081701966e-04,8.574833337196597109e-05,-1.289507624601524051e-04,-3.251394914206359060e-04,-6.638822711676489611e-04,-2.653599658026783428e-04,-2.851065766813840464e-04,-6.994677277115607730e-04,-3.792636526768162564e-04,1.921526918669710622e-04,-3.453520108120736176e-04,-4.141622411115395168e-04,5.849530668942175092e-05,-6.624776547502451984e-04,-5.030420404646655666e-04,1.592529447211963451e-04,2.992553989985816316e-04,-6.191418065078425252e-05,-7.499626728016337007e-04,-5.696002427975356249e-04,-4.511696096611371291e-04,3.418569375601404462e-04,-9.294956117961045172e-06,-1.002160175973496612e-04,-7.137680776944622333e-04,-8.242731989382132748e-04,3.721998433756630673e-04,7.209622638497566183e-04,-7.936431135376403531e-04,-8.578571891577176567e-04,1.400496677519585454e-04,-7.765624166853476399e-04,-2.820620497012254189e-04,-3.402575476319688168e-05,8.788752209118951583e-05,-9.421627149285476197e-05,3.509583433189032779e-05,5.952462061838458614e-05,-1.025638968525628778e-04,-6.411620123872790534e-05,7.228387913938905313e-05,-4.734677616279275945e-06,5.203281957288139576e-05,-2.753667037805326232e-05,-1.452201481989312580e-04,-6.374950480327993575e-05,5.013824188023276884e-05,-2.882068490132161948e-05,-9.585205381467505007e-05,-2.346830478618763436e-05,-7.177521304560899632e-05,-1.198506324071604249e-04,-1.837938681977353706e-05,3.755011538653716920e-05,1.091851770441315006e-05,2.697969915920314161e-05,-1.022230764423984896e-05,2.486852529460520383e-05,1.595388855857556639e-04,6.683210950717582868e-05,-1.458930043364944820e-04,-1.061334023231592797e-04,1.008453467148081234e-04,-4.841658972995138764e-06,-4.974423088923689843e-05,1.259021122137188959e-04,1.025123068827289154e-04,1.238733911065983452e-04,1.937440665370439583e-06,8.078220100194744046e-05,-5.739638867019810796e-05,-4.750524026064573596e-05,4.328344938954710534e-05,2.037120405909524239e-06,7.579488400509954956e-05,1.636274594828606517e-04,1.328774640494635099e-05,-2.768215011753054507e-05,6.558805775007259157e-06,4.799467726829305126e-05,1.940319314809139329e-05,1.769564894022662081e-05,-2.242657305611814439e-05,-5.456115022905845638e-05,-2.637778774290113029e-05,-7.297553213869001744e-05,-9.669357403212870257e-06,1.985720432352679343e-05,-5.972769734042964222e-05,-6.082608948888544869e-05,-6.930164668291475703e-05,-1.105142651931186780e-04,-1.121407040652504575e-04,4.852027091050868988e-05,-7.564223296560427818e-05,-9.720035567265487971e-05,-9.689321008396284895e-05,-3.520240005496767485e-05,2.528063050671760140e-05,-2.092322928781803043e-05,-3.585361884784653441e-06,1.237867273332133618e-05,8.362622252272067008e-05,1.285674149692819768e-04,1.839959948318140980e-05,6.166328995147326794e-05,6.293110510005326470e-05,1.987025519361420363e-05,5.090373556394946859e-05,-3.281115887145014950e-06,2.164765454992056604e-05,1.187617891632102471e-05,-3.659143295528549016e-05,3.475821926747370662e-05,1.724987027583456512e-05,-4.727093150297827408e-05,3.890671615647363146e-05,1.526815179599801608e-04,3.113855900234488688e-05,6.055826543140745685e-07,-2.199330037893525702e-07,-7.622641333642816595e-05,-6.633518582058763036e-05,2.251872718154081560e-06,-2.331583515508648275e-04,9.798639672145759887e-05,-3.593736410710203819e-05,-7.079005901124819054e-05,2.729111851437016222e-05,-6.306842177880701654e-05,-8.525217207539064195e-05,-7.131436142156120591e-05,-1.072699327860398481e-04,-5.469924222868001836e-05,1.196312746863776683e-04,-1.687352842894370331e-04,-8.387805405372277326e-05,9.069765165102688389e-05,-4.888735621294801505e-05,3.533778213528483936e-05,2.347511440638796977e-04,1.026508776871256701e-04,1.569236287020031321e-05,7.188075785079519014e-05,-4.204237415270973850e-05,3.412925512570872441e-06,6.640883147084737875e-05,9.293825762499276037e-05,2.693632719253939681e-05,-2.578561598030649043e-05,7.599051860798976618e-06,-4.841297543237182066e-05,2.853386661996923674e-05,6.593132724951068226e-05,7.143019571551658667e-05,2.472620045962468233e-05,2.103752810561943472e-05,-4.264853353359724167e-05,-3.412105299110892461e-05,4.652759948276353699e-05,6.755654842498239022e-05,3.942878755393793336e-05,9.468883250166321294e-05,-2.732891090563091953e-05,-3.234785359977285641e-05,7.650870581943244831e-05,1.460997088662647711e-04,5.545008034935040923e-05,6.560833095254398111e-06,-1.308749552678453094e-05,-1.527871320479294139e-05,3.814315468339226538e-05,4.180499735789110070e-05,4.231990548044303876e-05,-1.292875764092614949e-05,2.313042915613230312e-05,-1.272243925865554108e-05,-4.070317418603591541e-06,1.667118390969734871e-04,2.104278796477126448e-04,2.802839331273807095e-05,1.885984831174709409e-04,-5.338282721627551138e-05,-4.999474089103475067e-05,1.152707625395548683e-04,1.218063076180099077e-05,-1.781004218819900350e-05,1.079763010838112142e-04,5.682294100908244955e-05,4.832049982195180349e-05,4.010023121093778462e-05,4.212777719020042549e-05,-6.255838087100987591e-06,-6.317431444255230673e-05,-2.367371568306766465e-05,-3.423387362277122728e-05,-1.950636086521159978e-05,1.039392950616531353e-05,2.791610104700540697e-05,-4.488267441278538471e-05,-5.698646226408353790e-05,6.821942672133469163e-05,6.964516596497425478e-05,3.247889273524577045e-05,3.908081590870356078e-05,1.371686647999728216e-05,-3.126732783128160912e-05,-1.177715882656485766e-04,-1.181032456513143780e-05,5.527452506991513198e-05,-6.597644756357218659e-06,-2.817269131564362349e-05,-2.914314870860215889e-06,3.541179695825074600e-05,1.763643211947938598e-04,1.292710080381729134e-04,6.987238552524802169e-05,3.054237638018155059e-07,5.312774738617045706e-05,1.757953168597538687e-04,9.807473931121434983e-05,3.578823841638839452e-05,1.961799746360404529e-05,7.852640509820891102e-05,7.240803514552260258e-05,-3.557181924434678334e-06,-1.558045758850816984e-06,2.679763489086223213e-05,1.579143857969928286e-05,-3.657544876843584967e-06,2.605471582653785765e-05,1.539042676936015002e-05,-9.383031600029264200e-06,8.119914529813815156e-05,-1.629876749925296604e-04,-1.310426070969842327e-05,-1.225737061957850435e-04,-5.507777094817110810e-05,-1.068679309874122928e-05,-6.530021379396273244e-05,-6.732845541811321771e-05,4.021475475669122603e-05,2.010739690064770931e-05,-6.327836417682550913e-05,7.286459079399327512e-05,2.630845377464518161e-05,-2.002388673169406481e-05,6.860918595395258733e-05,2.647718829689101286e-05,-6.078893734249068211e-05,-8.939442165832032540e-05,1.043380564556797878e-05,1.730069468890628080e-05,-5.145368715117473664e-05,2.291266579628958790e-05,3.563191115462796879e-05,-6.396305971996871361e-05,7.662317880955962183e-05,1.785135397207657639e-04,5.565963064925505725e-05,2.467740210493681532e-05,2.463688569576638509e-05,-4.259649111367339350e-05,5.429360925591421614e-05,-5.612919464062482953e-05,-5.956657698804433693e-05,-4.056568046345946645e-05,-3.344022325496546371e-05,-8.216383634863258056e-05,-1.423177209752299701e-04,-1.376236544969389793e-04,-8.807801568162958498e-05,-2.073885363308740408e-05,6.002107748721882387e-06,-4.451946818209994605e-05,-3.786074837925938451e-06,-7.410091978443240056e-05,-2.863239907226969582e-05,-2.868767170475591725e-06,6.880798026197973283e-07,-2.834040207448042635e-05,-1.542429558874490063e-05,-2.149165235446963589e-05,-1.143110126485263951e-05,6.900086503536506508e-06,-9.850835565277223649e-06,1.729008358437070610e-05,3.004517397015102697e-06,-1.014290064715575944e-05,1.624106265659289371e-06,3.612960776429304064e-05,1.735227429264963467e-05,-8.830156915503111582e-06,-8.633133726601686602e-06,-4.975290443452816646e-05,-6.515031202055999664e-06,-5.657637452741215748e-05,-6.110378915351769224e-06,5.466869105611077190e-05,-5.938595290099643103e-06,8.301244009543598925e-05,7.784296778477971495e-06,-6.434597737782067985e-05,-3.057147801699744075e-05,7.420684987006051687e-05,6.372625277748133934e-05,-1.460434579255801024e-05,-6.706962937746494403e-06,4.629399919099665107e-05,3.839082253317107398e-05,1.111204813584352654e-05,-1.185489029400926944e-05,2.668317939142844796e-05,5.793191498136153072e-06,1.577139229777931246e-05,3.881415986585310421e-05,1.608992610089541136e-05,-1.225180458605601394e-05,1.394644201362407168e-05,3.724396144713970532e-05,1.027340060531993937e-07,1.254503748967454623e-06,3.468480951334915760e-05,-4.413779224169255829e-06,-2.996203100041977961e-05,7.384432766446452385e-05,2.435720339238136128e-05,-1.547524753931598336e-05,-5.945008840126278771e-06,3.222046843192688742e-05,1.945418499623473847e-05,3.681974160395229401e-05,5.010387323818901153e-05,5.221993173377729948e-05,-1.502641238727033138e-05,1.905190853802781479e-05,4.274603262779332367e-05,6.316629273894744704e-05,-1.997243119975571578e-05,3.106092345287497248e-06,-1.258448507574029719e-05,-9.113742648064107051e-06,2.186686917174605719e-06,1.203545390662586723e-05,-3.280963120804522034e-05,8.797349985572087730e-06,3.569826299374042196e-05,-6.475491422552252453e-06,4.205615719324477964e-06,-8.256406259480117285e-05,-1.307066237024479055e-05,8.449688234019320373e-05,2.120861916142928821e-05,-1.022937141797090286e-05,-2.821562854273550188e-07,4.378999199599698731e-05,6.072408972083538560e-05,-4.669845296165188263e-05,-2.822808691225091313e-05,6.715610066097232021e-05,-2.765528257899978290e-05,-6.870442594770614095e-05,-3.086272947866421838e-05,-4.180850644166971124e-07,-4.229327309174803039e-05,-1.489100272221361721e-05,5.404251056197592531e-05,3.426968481450536871e-05,-1.371411619751255733e-05,3.744477572123026135e-05,5.560049352883155436e-05,7.170820720040928090e-05,1.561371034631129409e-05,-4.239568389627732336e-06,6.688933246791287643e-05,-1.134161874942919086e-05,4.094967823883053308e-05,-1.448952512076463739e-05,-7.120584538744440830e-06,3.925814175393763116e-05,4.802605553928081321e-05,-3.436000383656517472e-06,2.908091181174267284e-05,3.392816215213501259e-05,3.181290943647520061e-06,8.395480922844045842e-06,9.244358082728192344e-05,5.052843938031793114e-05,1.582041951713283228e-05,4.173847797329490117e-05,-3.811738730633027828e-05,7.132960765987076649e-05,4.214011520508318450e-05,5.851078197172219098e-05,1.739726604182429543e-05,-1.203518971267967399e-05,-2.727287991038160315e-05,-2.160278775993953597e-05
1.000000000000000000e+00,9.532422435336256050e-02,2.510156665918241575e-02,-7.879498418325264764e-02,-3.581510222131228938e-02,-4.522960299395523479e-03,-3.145623792508318861e-02,-2.140047197219065514e-02,6.181478920905175700e-03,1.518327425260626281e-03,4.879084858928277139e-03,2.497122346452838263e-03,-8.080944124213238280e-03,-4.972034987076519655e-03,-3.250069166059758353e-03,-2.172901604537410343e-04,7.422776187370228344e-04,-2.004880325732867879e-03,1.906729467247056820e-03,-5.927871750858475144e-04,-7.146840703621027985e-04,-1.875046132435497902e-03,-1.153707306929077983e-03,-3.826457291691816656e-04,-3.170840238650356278e-04,-5.210208265394899226e-04,-2.991744172544167062e-04,-7.514225331092205763e-04,6.011716963349480981e-04,5.732282218228455274e-04,9.029727299078307238e-04,-8.661262742967244343e-05,-2.184192814195795313e-04,6.011369307638803018e-04,4.252157684322605317e-04,4.982171383607335866e-04,5.062981307970299688e-04,-4.916722888692479304e-04,-2.631072844713919397e-03,2.831385569985287332e-04,-1.001103541315789651e-03,-1.703723780895410054e-03,-1.979484206216191797e-03,-1.275655283547207954e-03,1.895412246780425758e-04,2.440128219943435710e-04,-2.463459581168710253e-04,-2.562797013731175065e-04,-4.441326846537379689e-04,2.666162233287026548e-04,1.426443347523515285e-03,1.718027627077837799e-03,1.179008161561942046e-03,-5.664595649940156488e-05,-5.676150968930372600e-04,-3.314567517984319859e-04,-5.233366644567227077e-05,-5.632871037824242668e-04,-5.524803870869192087e-04,-2.085911088471578722e-04,-3.403036332267852680e-04,-4.048241483880989262e-04,-3.420881408159697195e-04,-1.737521282670559928e-04,-2.219045022170757148e-04,-3.339261516574657885e-04,-8.463270082825397099e-04,-1.260283329198129540e-03,-1.557678861936674436e-03,-1.045524500177928088e-03,-4.303405631696054895e-04,-2.458085214442649121e-04,-6.986593358915229495e-04,-1.372819239988391955e-03,-1.030386516610442031e-03,-9.441713302048581908e-04,-6.122555559753312289e-04,-1.154893454291507153e-06,-3.729580371371773420e-04,-6.149419143374128911e-04,-1.526661884920032608e-04,-3.027775165982939326e-04,-2.873060196504547423e-04,-2.391623055174340359e-04,-7.405378418579761405e-05,-7.223445825496425119e-04,-5.260741025579028897e-04,-2.737952463687598828e-04,-1.121142149637486315e-03,-7.515358642247458101e-04,-4.819552408413951697e-04,-2.417030952590222548e-04,1.140009463692300039e-04,1.094290210950996919e-04,8.170953253563859259e-05,-1.390174341447571594e-04,3.520549560046448332e-04,1.632583320061833975e-04,2.867061995677908434e-05,-2.698681606870266037e-04,-3.962066231766531513e-04,-1.896373692484419225e-04,2.189261316121184585e-04,-4.073172767718625527e-05,2.728080896340562648e-06,-7.387794604283238639e-06,1.355326619184630773e-04,-9.382048123933286793e-05,1.155525701782086104e-04,1.560034149685664978e-04,2.372244697488171735e-04,2.332545613225752129e-04,1.908697827071023428e-04,1.575817407014953181e-04,2.639187447716378381e-04,1.260892743081995461e-04,2.315299561836760322e-04,1.614297482678219331e-04,-1.401377934920516638e-04,-1.137779217082856144e-04,-4.257570646642318783e-06,-8.711578012659154283e-06,-2.315647065192241413e-04,-2.814647660863100987e-04,2.750126870285555082e-04,2.949056936434767866e-04,8.125802294936492590e-06,-2.179724664124621931e-05,-2.002748768392719064e-05,-6.512327491065301858e-05,-4.171956228901417887e-04,-5.288044286544861614e-04,-3.555161009645193404e-05,1.368657764572711307e-05,-1.464182904014706588e-04,-4.071157187489312024e-05,-1.709404479191651644e-05,3.646946364559201136e-05,1.954200599585894944e-04,2.720774507928490848e-04,-1.967811017619880559e-05,-9.376671746238133133e-05,-3.269073355645332654e-05,9.363213861934253387e-06,6.522473564501064423e-05,1.556491217479802954e-04,2.340809172673008606e-04,-3.874566000936395055e-05,-7.413971658797514528e-05,4.999240753842464319e-05,9.993232715924161051e-05,1.998702995126078533e-04,1.821164187410075422e-04,-4.097447279196729693e-05,-6.771227674550951605e-06,1.628850410067266431e-04,5.796764010713399419e-05,1.618453707564426161e-04,6.976062524553559927e-05,-1.776150679793355662e-05,1.042470809259973011e-04,1.993116614142267224e-04,3.924366202683120491e-04,8.796641868119789713e-05,-1.801965752833109048e-05,2.653518700969328590e-04,3.393766261159080464e-04,9.090016117685537772e-05,1.680706276016175483e-04,1.680805921423003115e-04,3.091602077542119199e-05,-5.118557215113683762e-05,-1.726093407198628056e-04,1.028714908244730635e-04,2.084823888248523208e-04,4.618931310836931799e-05,-1.866060180645126088e-04,-3.969107433010407191e-04,-2.371436305188056671e-04,1.309718164213447716e-04,1.576472690535538337e-05,1.691944697112094146e-05,4.713427996844129283e-06,2.633508487058123658e-04,-6.293384981327673051e-05,-1.189010311893882359e-04,4.015515490649705779e-05,4.354026666764047719e-04,5.612621032397359681e-04,3.469353219180655530e-05,1.469813886054898767e-04,2.084206252116997541e-04,-2.610951471264741234e-05,-2.140457631021758515e-04,-9.231416017009436170e-05,1.878208203506386031e-04,3.506204842007055729e-04,-5.956307527191824090e-05,-3.923809787075052376e-04,1.286301431890678551e-04,2.052090741760512129e-04,-6.915871546979373934e-05,-4.654357596440137403e-05,8.426294692059324749e-05,1.771093544963681609e-04,2.386938985088751851e-04,1.347391331867092897e-05,-1.469908675489565834e-04,-1.036216177453353431e-04,-5.815790452855484601e-05,8.428151178297712360e-05,2.823929014646195951e-05,9.636790085741127202e-05,1.537467715795183369e-04,5.738122380086320233e-05,-2.114674187639516224e-05,8.014010849298450916e-06,-1.441335067720673276e-04,1.332826425912571442e-04,2.590749557813426681e-04,1.283133051155369649e-04,1.455356980501859908e-06,-1.103309177783248508e-04,8.096984955502176671e-05,2.182432021760614732e-04,1.425879033086861708e-05,-6.238693732124380993e-05,6.610265954656032274e-05,8.345475877542721905e-05,-2.225924944300908086e-04,-1.543073280427061566e-04,-9.028887050509989536e-06,-1.068822200779549758e-04,-1.376206038161750930e-04,1.325923213472044685e-04,1.517512851497097165e-04,1.056949176123908786e-04,3.017206544111244768e-05,1.824203799363717637e-05,1.085432297205717283e-04,-1.854464953498138197e-04,-4.722852978006567698e-04,-6.481931273176538486e-04,-3.216765687177646827e-04,2.944959738612017825e-04,1.521138202504272578e-04,2.682810398402990778e-05,-6.929566971249098250e-05,-7.610673250469652650e-05,3.497521633434848238e-05,8.813465999220926089e-05,-1.567469551096015764e-05,-1.994076614371863775e-04,-1.743991296408452815e-04,-1.698526379320948235e-05,-2.651066995690641757e-05,1.412647866354978373e-04,2.955090913242060160e-04,2.468276436688763371e-05,-1.605748084664896074e-04,-1.752844327779838846e-04,-4.684327466153280782e-05,-1.449882120772528419e-04,-1.708762246478210517e-04,2.136428897808156219e-04,-3.416302727802425878e-05,-3.068401426946265782e-04,-1.359011819478613849e-04,6.208205248231899512e-06,-9.644476570369177695e-06,-7.870409877458308735e-05,-1.722621233323682287e-04,-5.662861520418879151e-04,-4.363891479143695265e-04,-4.482607963440471633e-05,6.882580162837997439e-05,5.673054946888759897e-07,-3.544712547701978056e-04,-4.734189785014809859e-04,-1.988585539884345660e-05,1.590421048815037974e-05,-3.257296982586605795e-05,-1.004942337751647981e-04,-9.226454807081342006e-05,-3.242148361430557095e-05,-4.278670397902345176e-05,-1.218949392472222569e-04,-3.674224977859154946e-05,4.002150206210776428e-05,1.622843868041840298e-06,8.802988293926138400e-05,3.909447787021047267e-05,2.631516928268832291e-06,4.676577164301149521e-05,-2.178344037416658069e-04,-2.875215583281504777e-04,-2.740042632379149738e-04,-7.262738921839047616e-05,1.294354827600594502e-04,4.117572926353952639e-06,1.714654606281851640e-05,5.884399295484445868e-05,1.973377432874004445e-04,-1.690040370780236044e-05,-2.001571205843361240e-04,-1.256279487324668369e-04,-2.736569974620655843e-05,-5.413221169614293167e-05,-1.184385049077455707e-04,9.106163757049337679e-05,5.511052029001363385e-05,-1.271218291958172114e-04,-1.605528915492845975e-04,-7.548084454908145539e-05,-2.206208091048279148e-05,-4.339477509156124439e-05,7.250284562194305176e-05,1.499934884339075081e-04,2.035056982517735504e-04,7.032306417765202744e-05,1.296972730448221734e-04,1.702022878321306015e-04,2.101387627749260530e-04,4.781417404950912583e-04,1.492214083457516622e-04,1.515277659481823358e-04,1.652337117948383298e-04,1.014281224358719118e-04,-7.779687713797577605e-05,4.562627443535242694e-05,5.713918264692783818e-05,-5.833575653616843805e-05,4.122087233565912000e-05,1.821075407481382528e-05,5.421353592437511333e-05,1.446670125013259183e-04,1.149290183135660061e-04,2.277738476903607592e-05,-9.761541201868114228e-06,-6.833843126899204735e-06,6.994084079477620741e-05,4.362861534178388476e-05,4.745180306742649089e-06,7.684436656797960909e-05,1.112781091028118823e-04,-3.676597353255114839e-05,-1.047758892076235750e-05,9.563549417373082783e-05,9.436208641580792907e-05,1.405284526850441981e-05,7.944107681796758267e-05,1.680972669906028848e-04,1.392349306157540632e-05,9.269892498439039183e-05,4.617357090584250489e-05,-5.425119852326808228e-05,1.151942159509736037e-05,4.169131414969828430e-05,6.288166361889786728e-05,-9.509542454526191159e-05,-8.897523777624784995e-05,4.503007609978265169e-05,-3.852818449820343883e-05,-1.039215624385587901e-04,-4.895251367748187248e-05,5.462781604990363330e-05,1.838957061757485469e-05,-1.026105862428013555e-05,2.098427146622818012e-05,2.483107824561477388e-05,1.817651420145158684e-05,4.143391196980440977e-05,3.148515320918230065e-05,-5.705839075830909380e-05,-3.561536581440342427e-05,3.246081547829185850e-05,-3.412593059887939205e-05,4.209551892398650001e-05,9.723778325537531697e-05,7.594733545961350723e-05,-3.860486016284081447e-05,-2.735006004592665987e-05,-9.193560918141297224e-06,4.339057377643441507e-05,1.905278936027145437e-04,1.893257803468784855e-04,2.009221140795717695e-05,3.864367314621955395e-05,-1.194661824864986339e-04,6.958652559263165359e-05,1.059700691964082504e-04,-7.724022627857652301e-05,-1.734432386414074293e-04,-3.520775986442029049e-05,-4.629801543697089803e-05,-3.927034433872784145e-05,1.600263703152202563e-05,-4.043530274551020170e-06,6.454588238433289099e-05,1.251959060648540414e-04,9.309447845643385548e-05,1.373555541144978082e-05,-2.648520416606078498e-05,-1.277719313782687465e-04,1.630187417090750077e-05,8.012610055065960723e-05,7.361499120573075151e-05,1.447306232224569364e-05,-5.344607266010816115e-06,-9.113667223971704727e-05,-8.390849130096172958e-05,4.359198786932273767e-05,-1.292134525417300426e-05,-2.095753762577056952e-04,-2.437817288739460239e-05,-5.224409849898118301e-06,-4.192970372212006435e-05,9.146820045533997530e-05,6.679681864909987864e-06,3.060571549456454532e-05,4.978271813933221319e-05,2.397031776960636997e-05,-7.350064795838580012e-06,-2.223841870100118706e-05,7.154871128504090329e-05,-6.042585805703100485e-05,-6.602370942776039403e-05,-3.405840014921093100e-05,-5.177129961358549747e-05,-2.858196886953382276e-05,8.319057296632530952e-06,-6.305805089596153623e-05,6.443538163815666663e-05,4.263458097269652456e-05,5.055471839891508766e-05,3.189889274950955672e-05,7.766536575292387195e-07,2.252272968118401022e-06,-5.288475472757611068e-06,-8.589616343886613851e-05,-1.432310968716488705e-05,-5.099996323591541155e-05,-9.971827345116580064e-05,9.996939293378767801e-06,4.127476784219170301e-05,2.493845008774676379e-05,-1.032614155909682412e-05,-4.616610160656612900e-05,-1.382408438233464609e-04,-2.332040816797135624e-05,-9.550194181350287023e-05,-4.117617964570042712e-06,1.417849620419337599e-05,-1.750759974285462915e-05,5.972646655791112407e-05,8.703151157286521976e-05,2.102194198142788884e-05
1.000000000000000000e+00,1.383392819080481173e-01,4.878160783415586010e-01,-1.121378369807643632e-01,-6.315492159213896561e-02,-2.534591298913242002e-02,-4.279903672900459144e-02,-1.718425195217085713e-02,-2.136313336407203237e-02,9.860329456979854273e-03,1.082251251041642208e-02,1.627524172695179322e-03,1.984309177481274888e-02,-3.628409523160169153e-02,8.414451100253477270e-03,-1.067628908957101580e-03,-1.943549667904989056e-03,-3.336562798690340375e-03,5.377208416632978626e-04,-1.890070683985600134e-03,-1.519993154751330322e-03,-9.617844483963607647e-04,-1.073050351201091952e-03,-1.020306741187498216e-03,-1.737570054982109924e-03,-7.881373125925955321e-04,8.179736282656251221e-05,-4.936372853231734033e-04,-8.358210886189702815e-04,-8.434552327198647625e-04,1.440538063029557156e-03,1.180947989488671454e-03,-3.030927512825142044e-04,-1.488594025452823102e-04,8.339406957172918562e-04,4.912712476998853895e-04,1.116419516912724001e-03,8.247151585804141614e-04,-1.900909430139715401e-03,9.098369612546043650e-05,-1.682976932872315944e-03,-1.266833643721086179e-03,-1.908423439313106313e-03,-1.242146314879666357e-03,-1.213368204279652047e-03,-2.021400077697825624e-03,-1.100708173161971245e-03,-7.475735245601837758e-04,-6.858699623773240744e-04,-4.663061757531428511e-05,-9.024321404122486638e-04,3.921012822015828539e-04,1.108557362153403001e-03,8.370806818359046602e-05,1.064554652352255845e-04,1.160497271595243175e-03,7.369774083629707052e-04,-8.898451031793836591e-04,-1.216454992133308727e-03,-1.414688312399980984e-03,4.179354938866234139e-04,-1.352419687028627757e-05,-4.989262592240825342e-04,-5.814894309956759183e-04,-7.067590205866636135e-04,-2.462764760285280903e-04,-1.381469507394473845e-03,-5.637712979781298213e-04,-2.021960499264942811e-04,-9.256150655035427690e-04,1.333902548410640558e-03,6.573850291850517500e-04,-6.989808835367690085e-04,-1.880964618819035887e-03,-1.169301113133138902e-03,-3.616670603357398004e-04,-2.255310781511437386e-04,1.811086935996546275e-04,-6.059508239086197390e-05,9.061275891538240592e-07,-5.937476139122092010e-04,-5.960282018146627120e-04,1.414090897780168087e-04,-2.193235846216932332e-04,-9.421078647075109688e-04,-1.198946083079277178e-03,-3.279867932300906618e-04,-3.682036300687953670e-04,-1.008972916553139282e-03,-7.875194710553667845e-04,-1.319842239559155281e-04,-7.716352611119359000e-04,-6.737336241896348566e-05,1.464822459153755445e-04,-1.953630106954376111e-04,-1.918886692379984026e-05,1.912777645093901799e-04,-7.847518634043794948e-05,5.681968479633340771e-05,-1.242343903794072705e-04,-9.077874847919963021e-05,4.875551804224982747e-05,-3.836192808159358540e-05,-2.738177858088252273e-05,-6.005499562837297736e-05,1.181588194257785629e-04,-3.011255973665883387e-04,-2.636322176336302193e-04,9.687607521154747872e-05,1.617069944079849850e-05,2.780776768239864445e-05,9.450002335528403553e-05,-5.445829625935730655e-06,-1.527732088007274972e-05,-1.843208141788222116e-05,-1.640663985056871327e-05,1.124527567620138937e-04,1.065030295866460332e-04,1.253034950163082204e-04,-3.146040879120164102e-05,1.496823791545266714e-04,-4.519964592491298143e-05,9.810296943115171428e-06,2.262189260552576728e-05,-5.182505738959309065e-05,9.272196700015845005e-05,1.279751654225680890e-06,-1.775915872466330973e-05,-3.458753732825206888e-05,-1.854435596529274485e-05,2.057209478991043377e-05,1.746534688969704420e-04,-3.119493810179241387e-05,-4.419532195058098115e-05,5.824301539241533360e-05,-1.281312144893023198e-05,-7.874628749315316608e-05,-1.149647202899086427e-04,-9.401420324048754803e-05,-5.222694375898455404e-05,3.459300605532339662e-05,6.211513715052231058e-06,-3.855502664702749972e-05,1.210132262904001363e-07,2.652124838666111879e-05,1.260401046721121942e-05,2.822837613661292961e-05,8.130274110795075314e-05,4.810054538310783965e-05,-8.601937911083487880e-05,5.758066523093480530e-05,4.611207907139156659e-05,-2.857342914029516062e-05,3.747909492402058017e-05,7.871110589549637742e-05,-3.825506235512296272e-05,-9.787878815496209520e-06,-4.227508318836227676e-05,1.249913245491292162e-05,1.038351001693690943e-04,3.859115374965014751e-05,-1.374738728143293188e-05,5.931124304014964618e-05,2.986787125478759840e-05,-6.750939151531403165e-05,5.623194474924841430e-05,3.389393507197686857e-05,-1.655446140649423063e-05,1.265140466442575400e-05,-2.868589085579805966e-05,-4.838125601132306535e-05,-3.620412049459953538e-05,1.874797944074151198e-04,-9.310405631181910779e-05,4.639708974646905538e-05,1.404676786889631789e-04,5.559299473831776409e-05,4.751740639562790353e-05,1.085562192699208734e-04,2.013900707218080430e-05,6.321119581073721464e-05,3.638367103565886326e-05,-4.225284562151560838e-05,-7.204939040511935272e-05,4.758918103084651034e-05,1.047659232691291494e-04,1.032039253416454382e-04,1.329707310885034797e-04,-1.118263587984331671e-04,1.539708384600323523e-04,8.348208634302621903e-05,-1.497048104290341184e-04,-1.984295179786207367e-05,1.151326075458556871e-04,-9.314009124914132944e-06,1.017668131760408954e-04,-2.066316904777952003e-05,-1.119502355427174484e-04,-4.215967342446650073e-05,-3.069831509321793234e-05,2.399670052185324829e-05,-7.035215170922124210e-05,-1.730466841814051033e-04,2.969217594977450488e-05,9.912883979029377308e-05,9.155274125184097831e-06,2.121348981741397980e-05,-1.048582280184984050e-05,-1.176390776276065520e-05,6.538893124651298610e-05,9.018854227874679335e-05,2.765114406323605083e-06,1.432842674502589023e-05,7.512338420726507022e-06,5.145371182639196230e-06,-3.179345218538048070e-05,1.482675330118790068e-05,-2.637125566137898819e-05,-9.103734104930784321e-05,-7.476277238774467331e-06,-3.070590531476657817e-05,-4.579366270673433100e-05,4.490529320246327606e-05,-4.396599146777918410e-05,2.957745371443323677e-05,-5.545333793725452545e-06,-5.764200026832024562e-05,-2.071960882164144993e-05,4.074214783960796928e-06,-1.238423279523117690e-05,-7.530840316764861699e-05,-3.365263413834997396e-05,-6.489244976742717438e-05,-3.814260503070061772e-05,-6.736325091613732643e-05,-8.611247986429003247e-05,-4.529031506091763724e-05,1.351130788180380799e-04,2.813064659375727922e-05,-2.521293672332153789e-05,6.687438777670104612e-05,1.383468892203306626e-04,-4.992398616648431234e-05,-3.835941065292291775e-05,-1.240771801444894116e-04,-1.877796382206841524e-04,-2.499840503872142143e-05,2.283826645784705256e-05,-2.658627861739409873e-05,-4.377457379803027397e-05,-1.561449968117227245e-04,-9.797447670053999788e-05,3.306894727512750889e-05,-6.002073896606619267e-05,-1.637614952178563662e-04,-8.053854456481075968e-05,-2.946634818044372765e-05,-5.335431297478574072e-05,-9.518984933564560971e-05,-1.075270227700954632e-04,1.260494547750680090e-05,-7.984591561290402316e-05,-8.130387817317673218e-05,-1.911960912354083650e-05,-2.670969952800397622e-06,-1.074695230721728258e-04,-1.485877839152843489e-04,-2.609194774369015575e-05,-8.933014751520601039e-05,-1.225371010271777896e-04,-1.009446031587148693e-04,6.116653012517671089e-05,6.415237903604161288e-05,1.756586826489834271e-05,1.430757893608868844e-05,3.589218732858559432e-05,4.154457298701855409e-06,5.667753226612894449e-05,6.054366980608533959e-06,-1.827689141577752848e-04,-1.032900027134820121e-05,7.000984261586773211e-05,7.500317677817422013e-06,-1.579897462458961128e-04,-1.045705515801730935e-04,-1.080299318972417624e-05,-3.384548862911843461e-05,-1.177332448204631025e-04,-4.998434627737565085e-05,-7.947975998711691499e-05,-1.163627173535753128e-04,-5.875531366525384099e-05,3.263494470527541927e-05,-7.197489855774546173e-05,9.212630607495398509e-06,-8.737636602072049890e-06,-3.421099154977480863e-05,-1.157024300911402580e-04,-4.959470336662260843e-05,-2.686169117591127669e-05,-7.462164614873389968e-05,-8.719112777779193399e-06,-1.109719283554362178e-04,-7.038893051993037322e-05,5.583355347605440197e-05,6.726962745583300082e-05,-6.071963292861183700e-05,-1.144894748371167302e-05,4.351581184968625197e-05,-1.118113279445059058e-04,-7.026196202797966857e-05,1.632492031539281436e-05,-7.102408563011594319e-05,-1.047866606321739885e-04,-5.640749799124415888e-05,-3.931197228825698993e-05,-9.999616706825877643e-06,-1.585789623297389320e-05,-5.928099172182868489e-06,5.875830148033413988e-06,-2.384297551144366742e-05,1.146801267660291717e-05,-1.660210308026409131e-06,-2.271101280251147192e-05,3.227305624968979930e-06,5.751396128799571190e-06,2.454178769158424155e-05,-5.257770763497945059e-05,-1.591905379419498748e-05,1.549981672422590657e-05,-2.119071190177539271e-05,-8.249468172457727835e-06,1.871607429925895353e-05,-1.179658810682634555e-05,-6.310391312298178047e-06,2.209868056848726130e-05,5.167369557737717527e-05,-3.168488569745253050e-05,-2.284089690161940196e-05,1.152154383612692814e-04,-2.254733090444621820e-05,-7.087948404537235743e-05,-7.254010677842957029e-05,2.636611085029154285e-05,5.670868830311465196e-05,-4.188657033438008393e-05,4.712185862300059862e-05,2.487408543234559123e-05,-5.439082117295855623e-05,-6.814636806608427837e-05,-2.546735500400663495e-05,-2.344265284770387059e-06,-7.541611335862693978e-05,-2.127176429416916906e-05,3.013298407677559546e-05,1.138886898339559810e-04,-3.911966309284577127e-05,-8.425987722931945227e-05,-1.525451029831294574e-05,2.755089463951389115e-05,-6.065412497895413923e-05,-5.812313259299554209e-06,2.044779841430605978e-05,3.352114820023626915e-05,-2.957089844422058426e-05,-3.162074517228998796e-05,3.205207209589317700e-05,4.964480698458873892e-06,5.012882736482034374e-05,2.364625534041480756e-05,3.004039548645742947e-05,-3.514756440199649394e-05,1.155551832802816484e-05,2.211463135254149398e-05,1.491899155194164162e-05,-9.237070408712464754e-05,-5.458840320864218103e-05,-1.430458816774628195e-05,5.113137774820562901e-05,2.083945558874143373e-05,6.978818102830131056e-06,-1.256863503578916404e-04,-8.669279122432123959e-05,6.159075562655833838e-05,2.072514618555318041e-05,5.111334519702273713e-05,2.401766798276786812e-05,-1.107312482088143662e-05,-6.490667900906883856e-05,-1.042085000248358295e-04,-8.738442250554757245e-06,-4.408615490876032319e-05,-7.727768400921103268e-05,-9.746737733541859867e-07,-2.165115646643592102e-05,-1.021849794246870063e-05,-5.879086203796559308e-06,-3.296698593457203063e-05,-1.354795948442107757e-05,-4.599032234902661337e-05,-1.119286137669616250e-05,2.893706257747616421e-05,-3.007571219236014238e-05,-3.619939521571075415e-05,2.107892665911241158e-06,6.025938193599377087e-05,3.296769851268159979e-05,1.699276367920708201e-07,2.788038787610079986e-05,-1.619501390366982104e-05,-3.041555404768968437e-05,2.753296093335199060e-05,-5.481839064396407872e-05,-7.319459954971119220e-05,-6.276386117523620619e-06,-1.351289946789988326e-05,-3.852658356447289620e-07,3.128674225243662958e-05,-8.812714592689457627e-06,-2.333862194670961396e-05,-9.887058816400407998e-06,-4.906188591214194158e-05,8.469621184093027466e-07,1.670020509427850428e-05,-2.669242381293136524e-05,5.751329714146832800e-05,5.409657662717441316e-05,8.630975123654320778e-06,-9.817388668064242570e-05,-1.836247873268223452e-05,1.027886343031746743e-04,-1.234617884165750875e-05,-2.424039855100477850e-05,-4.608030470463181887e-05,1.311138736562791925e-06,-8.490192198764174311e-05,5.308625042643150719e-06,1.796086464922029913e-05,-9.751913326291820663e-06,-4.668670206180394896e-05,2.664624581367583658e-05,5.511079368525413527e-05,-4.404319760117082332e-05,-1.000536440955295285e-04,1.655494651310847882e-05,-5.634325279652843341e-05,1.330316173572327356e-05,1.693949310996022839e-05,4.084823906269300774e-05,1.433970173655134947e-06,1.617026018731563126e-05,3.472826791558016653e-05,-1.133019068352466125e-05,7.684131705614232259e-07,-3.283738087236741507e-05,-2.995136091500186587e-05,-1.829899212479212770e-05
1.000000000000000000e+00,1.267169837375559938e-01,3.252920177504560750e-01,-6.534170341028526507e-02,-5.836948399369363411e-02,-3.296247902309144134e-02,-2.788974737482337665e-02,-2.658827588405143078e-02,-1.646263423240383605e-02,-9.490633795523898547e-03,-2.548737801898964470e-02,4.502507214094785513e-03,1.281052383619110842e-03,-1.025551782163649367e-02,9.049844307037441943e-03,-1.882883331436954397e-03,1.159897462269243729e-04,-1.009225359223803577e-03,-9.514627143984129634e-04,-3.174164762717907214e-04,-2.760057786835077675e-04,-2.669924971470660825e-05,-9.239699069534917627e-04,-1.064344913779491147e-03,7.059828037748165251e-05,-1.760391903285131085e-04,-2.614163745642525448e-04,-1.355256083122684295e-03,1.730483807672313253e-03,-3.757140429943313224e-04,1.077092972617531850e-03,2.973446857019716076e-04,-6.795342038449609604e-04,-6.951160925739944402e-04,5.285415020764472512e-04,1.224552193585718048e-03,-3.360032773563574734e-04,-1.020341687941838391e-03,-2.064007188637957332e-03,9.440463759363235010e-05,-9.359078636852846775e-04,-6.887355744350198402e-04,-4.926303173924684049e-04,-1.317790541375617294e-04,-2.388720294840856366e-04,-1.922827503998648046e-04,-3.166197501356943634e-04,-3.101733761589867849e-04,-9.875415102560340230e-04,8.173190095797913321e-04,7.144162605486852188e-04,6.256530364862051110e-04,1.871718749581004117e-04,4.829471049919786623e-04,4.982879398533452504e-04,9.667786886814077512e-05,-3.588318590045193556e-07,-5.821063193370824796e-04,-1.119607903099165873e-03,-2.996131965501803800e-04,-1.386047383354250151e-04,-2.783873112613049279e-04,-4.118126315972472202e-04,-1.979055717750196751e-04,2.288137909155789265e-04,-5.705087929191863172e-04,-1.015788783488263958e-03,-2.221756541283603575e-04,5.239775015577146462e-04,-6.077952311978015488e-05,-3.582570160724210724e-04,-1.881159258178150548e-04,-9.940335107918240546e-04,-7.665687523538319273e-04,3.847414084461936641e-04,-6.234560682617795724e-04,-5.337072684308569875e-04,1.243995483080996068e-04,-4.675452913807205332e-04,-1.830561254875044653e-04,-3.359434998623196732e-04,-5.721338509947105234e-04,-1.643347757729006736e-04,-4.235183896589710573e-04,-1.339947490403520063e-04,-1.630544933197856033e-05,-4.534391969888588525e-04,-3.230465350235615972e-04,-4.182111379210941260e-04,4.903512410577974431e-05,-5.700579952721631944e-04,-7.236105616885735474e-04,-5.109651596763353570e-04,9.440567946577597632e-05,-5.051718931599464120e-05,-1.153134429565787639e-04,-4.259875360707479581e-05,1.120438944080930777e-04,-1.992771629763119196e-06,-1.974654484944681678e-05,7.401034491066374162e-05,-2.407974777864038435e-05,-1.545514431078626085e-04,7.193321131023876920e-06,9.636003716031922041e-05,5.939899695448590781e-05,9.591084608607456903e-05,-1.279289076389264186e-04,-7.348925513899661399e-06,-4.777571707735688530e-06,-1.665351080122208144e-05,-1.154555319548321513e-05,4.541088129150309271e-05,4.531379055828054620e-05,-1.895683986756083471e-06,9.867528915088315822e-06,5.020498121492686437e-05,5.534728812070972170e-05,-9.664587582250693619e-06,5.387335895341492203e-05,1.687038960048236138e-05,5.710777910113353656e-05,4.541383612097312417e-05,1.075671663744284166e-04,-1.386405213640490713e-05,-1.182330200628557731e-04,-5.582179868373855698e-06,1.082736923211583268e-04,5.304649761222087194e-05,-6.008685245478166350e-05,5.913438208045289520e-05,6.184905652935682174e-05,-4.029892002759149794e-05,3.142337202353874722e-06,2.819968725017937838e-05,-2.916292625027946503e-05,-5.224801646405045159e-05,3.239921581782158707e-05,-2.253793404300585783e-05,3.460967048616722452e-05,2.742476481264961692e-05,-3.091333113120350526e-05,1.791917925424638391e-05,-2.604059110620344535e-05,4.320084963610962286e-05,1.686041913375735187e-05,3.397780665274564751e-05,1.956345262738708407e-05,-4.307705392688981021e-05,-3.072316462442940805e-05,2.719153869103329972e-05,5.354726770445264797e-05,2.207214886057358506e-05,-1.922261719104953680e-06,6.250000851184196228e-05,2.421994199627411877e-05,3.041200075785016575e-05,7.134288854580133081e-05,-4.073690607563844568e-05,3.921487085672769419e-05,7.680798848634029171e-05,5.265660142081552547e-05,8.735331577082626071e-06,-4.890104967878120650e-06,2.421472592469305678e-05,2.926533760815126233e-05,8.844499913808952658e-06,-1.466495187077383775e-05,-1.840586052139589777e-05,-2.006605568200109098e-05,1.172057677124588411e-05,-1.565660819254488721e-05,4.649227441074751049e-05,4.773378054654453864e-05,7.442630422401462758e-05,1.649505047458428033e-05,-6.682706661185148598e-06,5.007861330122203371e-05,5.951329448885501985e-06,-5.678979215093412334e-05,1.939530529500161008e-05,4.370327545606983064e-05,1.070189209644699396e-04,1.108715628074425258e-04,-9.968629334158760026e-05,-3.545064708689776492e-05,1.141394654355196197e-04,-4.366087143228173457e-05,7.852459491585480508e-06,1.716844625928280483e-04,-2.433973752952826920e-05,-9.256952881595239993e-05,1.021062395902892599e-04,-8.649209108108514967e-05,1.099916344722790919e-05,-2.922432947552294476e-05,-2.051702914943636088e-05,-1.456012616113363223e-06,1.148750388103049323e-04,-2.885096494730500258e-05,-1.300876695247121231e-04,-2.665722923200237389e-05,-1.843207376387791566e-05,-6.483813517846541968e-06,4.630969311729368933e-05,3.939044466642507572e-06,-5.480502549108114390e-05,2.186976467828431614e-05,2.765556250795538838e-05,-8.433417884271860818e-06,-6.303976852802959036e-05,2.880462164672991906e-05,-1.501008474206512625e-05,-1.122661609213815927e-04,-1.261089669321650459e-05,1.697259756110363689e-06,-3.160266038998888220e-05,1.994030450289612860e-06,-4.630595514894903316e-05,-9.476487955317843459e-05,-2.505491419725263622e-05,1.363586297659053206e-08,1.256638599642600601e-05,-8.410384627222763281e-05,-7.886786851206737487e-05,-1.223572941356815443e-05,1.720854822864887097e-05,-3.650575794022590522e-05,-2.039285485150745303e-05,-3.292029612902484218e-05,-5.255061007987319809e-06,1.233918637571718171e-05,-5.508178169942330710e-05,-4.154025392515815442e-05,-3.984538515265721292e-05,-3.657230930958591414e-05,-1.122519053457309516e-06,-9.776337128422781146e-06,1.787892939287633599e-05,-2.770308043532415464e-05,-6.204499202671284199e-05,-2.640571644836799074e-05,1.322995979739157737e-04,-6.219184519681301590e-06,-1.239734592133931283e-04,6.808791195425900307e-06,1.281052238739204369e-05,-2.049405572489504268e-05,2.980600305395259412e-05,3.229634966120465745e-05,5.344607652664757063e-05,5.620696817953927684e-05,2.496417859420773129e-05,6.759609552334691907e-06,2.170397112735428512e-05,4.785267652010210014e-05,8.026731184368989142e-07,-3.294433143155974989e-05,-7.382918516279991556e-05,-1.825632221816474022e-05,-6.530922598012401449e-07,-3.326097874251086916e-05,2.315893124626049179e-05,1.891146810970202805e-05,-3.602789215505856880e-05,-3.452815705886156793e-05,-2.993272425735261891e-06,-9.561778795622015182e-06,-3.788409556083725685e-05,2.103836601770990244e-05,6.435637568382212355e-05,1.740017657376637710e-05,-1.223005540288712706e-05,-1.759524462768334796e-05,1.601634320073932284e-05,1.532663669206270462e-05,5.794507818076541822e-05,-3.692328522543716668e-05,-1.460882877366573135e-05,5.944196252061717344e-05,2.327273455146751353e-05,-6.714989050605730162e-06,3.196491586504921325e-05,6.417892465265517810e-05,1.657148014303851897e-05,7.633504727241373629e-06,1.533525778827546203e-05,-5.873683834497364825e-06,2.721886645855471813e-05,2.714851732857990538e-05,5.063723472185313617e-05,1.026170131391143153e-05,1.278427540788448407e-06,1.196906916422654134e-05,-2.189641121067095080e-05,1.377613539147273699e-05,9.910884668595901529e-05,-4.772059292471906520e-05,-1.006257619112801402e-04,2.466617311642511794e-06,6.139006499911631039e-06,4.456227574295515470e-06,1.636713437379350939e-05,-8.705336609394336643e-06,-5.313775232616567602e-05,5.753695096506880255e-05,7.919699537598988914e-05,2.375894147682353601e-05,2.608384646235684928e-05,1.719296995796767473e-05,3.523736995248536195e-05,-2.153727753335697034e-05,5.361413618372462840e-05,9.889043392103350090e-05,6.281323641575261240e-05,3.953527971311809197e-05,3.870614555715112196e-05,-3.194801442511792632e-05,2.903990384353148698e-05,1.426641078831781954e-04,6.609525179834952857e-05,-1.031003677701558400e-05,-3.507155799135927787e-05,2.811822453249653923e-05,1.108558084982273599e-04,-6.521685913731880299e-06,-7.042464413226995823e-05,2.508735861843626618e-05,2.788455690360465093e-06,-4.475863681840210590e-06,-1.059639882309403628e-05,-2.182882276977853850e-05,5.418597560850568854e-05,4.842958981268715498e-05,2.399359746740119836e-05,2.119165751792808792e-06,-1.693979050331864529e-05,2.698710369322766899e-06,1.499575441940377637e-06,1.875679516287476539e-05,2.200463204559274802e-05,-3.484549759114208701e-05,-1.275343648786425107e-05,9.665213019246339331e-06,-2.532348149055724801e-05,2.870357234992725744e-06,-1.148583538167071004e-05,3.699379606772171358e-06,-3.851119231749626287e-05,-1.939903188525321165e-05,6.475090124001107304e-06,-4.801503073442990745e-05,-8.679339398664498236e-06,2.615374572858506584e-05,-5.393597070992538042e-06,-3.977645834979315131e-05,-3.867767615706519578e-05,-4.253506031503464080e-06,1.862958955538706422e-05,-1.078239752559176740e-05,-2.625869553666823673e-05,-2.691870370557764055e-05,1.486229900960198811e-05,-2.904618234282537129e-06,-2.180346437812873193e-05,2.130521973163526821e-05,9.332819212264718603e-06,1.257400760636057608e-05,1.053424298301627366e-05,-5.403379935169840150e-05,-9.428457075892238097e-06,1.543231985248948938e-05,4.057445941490725488e-05,7.455881585956428691e-08,-2.277766188020144671e-05,-9.551277706848062678e-06,-1.326754876990148934e-05,-1.686692445803008304e-05,-8.104354371571428372e-07,-2.348388352607303151e-05,-1.916786666209338992e-05,3.435900063693782323e-05,-1.356364297221470640e-05,-5.608412196041843577e-05,-4.082618625868216861e-05,-5.207154656835173869e-05,2.935690984111520718e-05,-3.974227808983336039e-05,-2.826048501511414134e-05,-3.664425059116919060e-05,-2.832958813917658779e-05,4.985503925973182099e-06,-4.261126846564378828e-05,-3.291936723560575658e-05,2.286968543451091849e-05,-3.989543413297527946e-05,-1.067963331780076953e-06,4.008394423394935272e-06,-6.693673005568051825e-06,-1.807604022283631356e-05,-5.613170588042066546e-06,-2.905095471140918035e-06,6.213910694448703803e-06,-4.818913818634074123e-06,-1.789154934045530940e-06,-7.132480218583393866e-06,-3.878226969498480546e-05,-3.209501669977065586e-06,-2.603854789897351924e-05,-2.277909544900756152e-06,-7.670587803130165879e-06,-3.948095977127437953e-05,-1.697704228490208152e-05,-1.338790965381264885e-05,-4.355013303014927575e-05,-1.709593220376311751e-05,-3.019955462867622434e-05,-1.971613851434120070e-05,3.622415803637905169e-05,2.766828881762533335e-05,1.212507267908088642e-05,-2.555590022041784467e-05,-1.994326907020468546e-06,-1.190257933889752414e-05,8.373080389631255797e-06,1.577735581436117732e-06,-2.190313991936906332e-05,-3.408603019651872563e-05,-4.730308895159921540e-06,-1.351260634611205987e-05,-5.139161093629758054e-05,-8.912139979431498964e-07,6.088669723530780709e-06,-1.776169952852587586e-05,2.946941802527247348e-05,2.755268306920669293e-05,1.221308696660345714e-05,-1.491106937698099389e-05,-3.089613686933357208e-05,-2.833604944639880455e-06,-2.683668340341262458e-05,-2.706012739740945708e-05,8.213015109040935023e-06,-8.048959996876190869e-06,-1.327870331314148253e-05,-6.098178704060601131e-06,-7.229333310033231955e-06,-3.449546056822016208e-06,-3.793066324844905594e-06,-5.347317279603377280e-06,4.198119916060641121e-06,5.021813525076534266e-06,-4.734237387182001669e-06,1.564775276048947840e-05,8.584582202533661634e-06,-4.063325226194264832e-06,-2.802195711274760804e-06
1.000000000000000000e+00,1.654051608826377362e-01,1.503145463122644576e-01,-7.900449719107674462e-02,-5.548136576159264782e-02,-6.142609979819786334e-03,-3.094868955924760454e-02,-1.352499013145528652e-02,-1.875072552657853359e-02,1.325701077119839123e-02,-1.215623327523439548e-05,-5.201810932809396854e-03,1.171563572085010906e-02,-1.096214534726204157e-02,-1.117542251495089525e-02,-6.256588209722141990e-03,2.329462687469855374e-03,-8.804546786335800193e-04,4.969252708076079498e-04,-2.448290051088398370e-03,-3.825042533081761745e-03,-3.211842182529896488e-03,-1.106450452296469517e-03,-9.168358645794511767e-04,-1.313346399282033609e-03,-2.531222330836566982e-03,-1.691542472185900712e-03,-2.811092444952271053e-03,3.095498262288180671e-03,2.974614969957358347e-03,3.408508636825396867e-03,1.636678788383786123e-03,-4.749804945272010997e-04,2.345697963972696203e-04,1.568576042432532442e-03,1.993420751346832494e-03,9.881224661197791914e-04,4.732701388440179618e-05,-2.957662967839115066e-03,-1.218149986970977570e-03,-1.688462081548659267e-03,-1.001112171022687514e-03,-1.474628375650733790e-03,-1.153921328062753205e-03,-5.851457752934360271e-04,-3.324308655779550014e-04,-8.563094732065499844e-04,-4.121654327523085245e-04,-1.986720635396425124e-03,1.150571724228464200e-04,-5.566531138798621898e-04,7.281715093821409374e-05,-5.430398750037625233e-04,-1.467270355459871726e-03,-6.814510663457187594e-04,-5.371374826598198033e-04,-4.740540516781704895e-04,-1.191693708822640085e-03,-1.674669738310878521e-03,-8.171869986132693523e-04,-1.482933975981609088e-04,-6.492450901539732712e-05,-8.679141068423913913e-04,-8.563730343101005589e-04,-7.625623112436272742e-05,-1.227255896214234782e-03,-2.063134143092410638e-03,-9.478700242823139693e-04,1.907098325067288640e-05,-6.179028067009511909e-04,-9.263730399483124283e-04,-4.916225775837324051e-04,-1.360025336017169984e-03,-2.464918861776510799e-03,-6.649741962364665634e-04,4.617339925430466994e-04,-7.130578874932525131e-04,-5.021093612945688473e-04,-1.400874414458204821e-03,-1.394500153473000490e-03,8.797362235931883382e-04,8.500003297410982026e-04,-7.579628673062221392e-05,-5.641435066974367441e-04,-7.049906761201162313e-04,1.057653945781684068e-03,1.037939050894287575e-03,-7.534770031477391319e-04,-5.902596219894381321e-04,-1.849608484962951614e-04,-2.290168731706166392e-04,-3.217862907545464279e-04,1.931687939327122818e-05,8.718965092502661580e-05,-3.062780912255855140e-04,-5.847486009215016654e-05,-6.149760320569854725e-04,2.395657797460594288e-04,-4.042076102412339429e-05,5.608559132892318075e-05,1.111869672261680842e-04,1.643086152627211145e-04,1.264539041955137406e-04,-7.694894366751336252e-05,-2.337553006237142231e-04,2.296267024996744260e-04,9.026590381874948247e-04,-4.510450787194806026e-04,-1.059759976251651773e-04,-1.907922951575276901e-05,1.637314367408728656e-05,-3.310247768462985189e-04,-3.315902320359474646e-04,-3.277105728581019293e-04,-2.448324839388307437e-04,5.683171787320770853e-05,-3.631132973415894787e-04,6.898137452862498735e-04,-6.903350088951888761e-04,-1.602102483771659068e-04,3.247188876518497459e-04,-5.256571404382552925e-06,1.971335680153297294e-05,5.973860262402719886e-04,3.446847037003266290e-04,1.495362167024730498e-04,8.785244142196431438e-05,3.898943170089928453e-04,3.409805917001911815e-04,-2.305179556350404901e-04,-1.030588029978416972e-04,-3.596374274690611241e-04,7.399113911244247562e-05,3.872489545623111155e-04,-9.429840261224715458e-05,-1.119495242943080909e-04,-1.982425669962569967e-04,1.027794536536339587e-04,1.060560167554695999e-04,1.305779763118695860e-04,-1.341769950147814628e-04,-1.719042043570456215e-04,1.277262624552234883e-05,-2.092108516603723633e-04,-2.485501686582243736e-04,-2.527662156087518526e-04,-2.787999214005893291e-04,-3.457759099203748759e-04,-1.463525899820557609e-04,7.264755776057664114e-05,-8.832297585638281489e-05,-1.606624553471322340e-04,-2.810141207764799663e-04,-3.011391519711308475e-04,4.004305008581641740e-05,1.374871822403220018e-04,-3.081806153788072314e-05,-1.803797297899934534e-04,-3.888705206097746729e-04,3.199507509401143426e-05,2.228516312200930791e-04,-1.362135214259452189e-04,-3.091456103958060389e-04,5.822091758363579070e-05,2.237788421793692362e-04,-8.443630016121119668e-05,1.159124843741054248e-04,1.289874191964616719e-04,1.058316965359689684e-04,1.210724477288847514e-04,9.231012406944373667e-06,-1.587749580948044832e-04,1.528291766590812674e-04,2.848034974275276388e-04,1.850985687516764472e-05,-2.069396547230438249e-04,-1.422032886084114822e-04,7.736841427335400625e-05,2.016237979842764802e-04,1.712482958595701983e-04,5.071733330789068942e-05,-3.279924777570976228e-05,-1.634217530920226548e-04,-3.750724795961081102e-04,-1.860998436378003061e-04,-6.336026021320305250e-05,3.627772395842222527e-04,3.301666036435559949e-04,3.052506709411233177e-04,-2.920878067135587036e-04,-2.127916392857095908e-04,3.045600775046373629e-04,1.681833809319150253e-04,-3.304712854070841841e-04,1.766165607601639345e-04,4.867201492528638136e-04,1.433210366831294366e-05,4.360647984596452621e-05,4.047673667792334997e-04,-4.545471289756585192e-05,-1.487671814674407992e-04,6.231431334847772614e-05,1.613410965769178080e-04,-3.021526317233215976e-06,-6.890526455299468274e-05,-1.992194216806801111e-04,-3.851729658952706987e-04,1.361484959031150756e-05,1.855956491625546177e-04,-5.770944957747623904e-06,-1.509382661298856363e-04,-4.383187860241819677e-05,-1.390861341810786182e-04,-1.403143316692760808e-04,1.878144646481759883e-04,1.529780746152786212e-04,-1.174203190362788242e-04,-8.517928679404736486e-05,-1.350543998884177197e-04,-1.428110078459179379e-04,4.471125707081617163e-05,6.260624501390147777e-05,-1.436883192994421014e-05,2.457019217199231213e-05,-5.286831259260990092e-05,4.734582428469917353e-05,1.136537546586993593e-04,8.382980233441408998e-05,2.241899237414040789e-04,2.038631086566413655e-04,1.225459905724210995e-04,1.881829264056140950e-04,1.931940370677801813e-04,4.783345226924072243e-05,-1.068184527803578468e-05,-6.404688635301579371e-05,-4.204927412613400004e-05,2.507271184349503439e-05,1.109153802849355177e-04,-9.403354203785355180e-05,-5.270120703010414251e-05,-2.930539844715391619e-04,-1.127091119639679986e-04,-1.901282329427840328e-04,-3.534798371984151618e-04,7.547852343151359835e-05,3.257609417668726279e-04,-2.599027786058636337e-05,3.184973148884893035e-04,3.143645792533062512e-05,-1.757319036148079943e-04,-6.214946677951191118e-05,-1.198942416231449549e-04,-2.057163705790428196e-07,1.018379654610958161e-04,3.577162487515581042e-05,2.491195793701451124e-05,1.731680969715654003e-04,2.379554287505530877e-05,1.718434253342834538e-05,1.288738281225663680e-04,2.012050883056555487e-04,7.747201591636848996e-05,-1.061406068106578979e-04,7.705754925593987458e-05,-7.651960452263677323e-05,-1.682288067262126903e-04,-5.351584327985640379e-05,1.335247814887707135e-04,-7.795506504470250194e-05,-1.898331931862818690e-04,-1.489100210870966505e-04,-2.853059475746585159e-04,-8.985168816485779840e-05,1.147090606557643356e-04,-9.482126288607474463e-05,-2.266371394845002765e-04,-1.320998620025657321e-04,-1.194327148913851212e-04,-4.103270603844247419e-06,-2.020753942952426073e-04,-2.303628165084054718e-04,-8.471653117995061742e-05,-2.768697325702075746e-05,-2.631357155157518527e-04,-2.086439971237576412e-04,4.363173672464446164e-05,-1.336972745857164461e-04,-1.643748927343745519e-04,-8.674048434174967638e-05,-1.413320455340855706e-04,-3.269752150695374619e-05,-5.437898993269505500e-05,-1.421124640712533060e-04,-1.827207962374195163e-04,-2.809579502540987431e-04,9.227220997496435014e-05,-1.757460235750751680e-04,-5.299624261553678630e-04,1.209592062192902658e-04,4.072392684704721397e-04,2.515224832421433581e-04,2.262327688322473358e-04,1.243913740875680874e-04,-1.038277405326400448e-04,8.255273488693857988e-05,3.019685336656272663e-04,-9.307549709597251106e-05,-2.408388554041717040e-04,-1.504723579819584604e-05,5.371137033281564865e-06,-1.396754630176191391e-04,-1.173160575026576373e-05,1.611241788491839006e-04,-9.772662030722060686e-05,-1.298842363611547477e-04,6.171104157044851905e-05,1.048144550309901719e-04,1.428348702756555171e-04,2.077112479296026740e-04,-1.147378686100831752e-04,-1.400027071108174285e-04,2.863963012713292478e-06,-2.677485502960417452e-05,8.367914836641463633e-05,-1.366077579810607992e-04,-5.093978812703762560e-05,-7.504840629399546731e-05,-4.324562476324662712e-05,-2.068909144646035887e-04,-1.459242155366500182e-04,-4.336448663642821649e-05,-1.419302310021450567e-04,-1.393387564901869531e-04,-1.157662065091376601e-05,-7.333306340133299557e-06,1.117599154221872873e-05,-5.014047373708968168e-05,-8.028464347801690247e-05,-6.727970777273284148e-05,1.532908529426597568e-05,2.873240913043164317e-05,4.344926670433735159e-06,4.619348966928408688e-05,3.633655314371983264e-05,-3.205554814518808411e-05,-3.247568728125343026e-05,7.470313577214679535e-06,-7.204090507451525057e-06,-6.889232900828981359e-05,-4.179920142387905856e-05,-1.367870169448177244e-05,2.020415005806567505e-06,-7.854297809306671151e-05,-1.172808567211211170e-04,-1.173932136713224083e-04,-6.467217454014895597e-05,5.088950070667400381e-06,-2.610496424989355724e-05,-4.561006135428335366e-05,-3.584992977245756763e-05,6.111410691005079208e-06,-3.248227198571413451e-05,-5.970871855878796971e-05,-1.627611381973346615e-04,1.159604377912259882e-05,-1.851033945906223631e-05,-1.286785884997355056e-04,-4.405361919768466901e-05,3.114970067569553360e-05,-2.646461376327153580e-05,1.683995705288692839e-05,1.393426349893148984e-05,-1.451565905386856136e-06,4.208865216406014740e-06,1.369648952170380271e-05,-1.751479256946782481e-05,-4.072907681261718927e-05,-3.365567867733000146e-05,-4.832448567639585629e-05,3.567385270904852165e-05,-3.298094637763639917e-05,-1.025926507145489045e-04,-1.007399351946911768e-04,-1.135694249880235833e-04,-8.314115068308350581e-05,-4.170040636892936197e-05,-6.811247258728820577e-05,-7.546744842650443975e-05,-5.567791533814755875e-05,-5.286010080723351753e-05,-4.821344473743755844e-05,-1.248050935993817940e-04,-7.067187029872807789e-05,-8.769787452496086795e-05,-9.633110180112672890e-05,-1.493137719154865933e-04,-8.282476068567462513e-05,-3.495040150256532814e-05,-1.384559576744052367e-05,2.350771432606992418e-05,1.928859708729856173e-05,3.570384298445385498e-05,-2.541765553659740073e-05,-6.672831886717116778e-05,-4.977144995461319573e-05,-6.342782361376760102e-05,-8.511594017607682360e-06,-7.278509740867909294e-05,-9.149551259260408189e-05,-8.401683309448150603e-05,-7.744541203142341296e-05,-4.245725154025247768e-05,-2.267466318239168285e-05,-6.926062733732139744e-05,-9.395355091150354987e-05,-2.473473852764539443e-05,-9.330295353814012545e-05,-1.269141666544267477e-04,-3.350194104795081707e-05,-6.737279385644484597e-05,-1.265643191316368372e-05,-1.566510236457181230e-05,-7.237792782615641509e-05,-4.451152105129784647e-05,-1.488919563836100137e-05,-1.659307356210996099e-05,-1.221531392559255648e-04,-1.371397199790549070e-04,-5.069055659543401276e-05,-1.543115130074722166e-05,-4.508066550994848244e-05,-1.150627229633297634e-04,-9.904168329625734671e-05,-5.445553721784934749e-05,-1.021122287781276957e-04,-2.027248237305668492e-05,-5.153619958738598863e-05,-9.507187506601168844e-05,-4.373001948193038142e-05,-1.909311631556930545e-06,-5.336009537052943712e-05,-9.117254508213940532e-05,-5.496731425322414828e-05,-4.605719871546511319e-05,-7.897611242888365093e-05,-2.666415777429036453e-05,-8.869259362060521047e-06,3.496002472719950197e-06,-2.404964243049866022e-05,-1.759444046854057251e-05,-6.321131338901900157e-05,-2.443455266994431802e-05,-1.283735895306717583e-06,-2.348120622437796843e-05,-2.321592004513712247e-05,-1.166653959309199283e-05
1.000000000000000000e+00,7.978658051365111747e-02,-5.858984627030642267e-01,-4.234909386514125462e-02,-1.308204184851050229e-02,-2.964899889823620696e-02,-2.231627827374831757e-02,-2.058062117991849710e-02,1.981279558353667494e-02,-1.969743977153616890e-02,1.536813070149587075e-02,-1.833910262852559911e-02,-4.032779093229316852e-03,1.741854644876175001e-02,1.097992669098564814e-02,-2.507779735398366679e-03,6.027783040655344642e-04,-5.218535759300835589e-03,3.131834087440506665e-03,-1.577233137073118198e-03,-1.322556993156980823e-03,-1.331243614746825026e-03,-1.337830560820246284e-03,-2.692942338615593716e-03,-1.577456520652315832e-03,1.166952263214993357e-04,1.595694705011459138e-04,-1.598542578813882563e-03,-2.163948623318484674e-03,-6.025577009474652026e-04,3.164078839841026440e-03,1.500846426468765375e-03,-1.353967876906252447e-03,7.914107082717659848e-04,2.209318126038096292e-04,5.569861596322518444e-04,2.875631329917635766e-03,4.519495000913197470e-04,1.100784453124066531e-03,9.322255939835397218e-04,-1.887308849234443702e-03,-2.878059428645842865e-03,-2.348606061978078963e-03,-2.615796367106276461e-03,-3.303487749195268240e-03,-2.658920715459668020e-03,-1.433058856465550682e-03,-5.579767648669444781e-04,2.148420772477024898e-03,-8.628474075472343779e-04,-1.457212356507239358e-03,-1.341700104993505784e-03,1.484117357548297902e-03,3.806985212905638900e-04,1.040329707984359500e-03,3.158034328497886113e-03,1.298941669333218696e-03,1.128091653114461721e-03,-1.844656493047097581e-03,-1.590088588717428674e-03,3.072577087173991497e-03,-1.970255882756167826e-03,-1.147672122511003484e-03,1.167429440306404611e-03,5.049567156356833978e-04,5.512074097131076483e-05,-1.015299843807630862e-03,-1.095973495104722551e-04,1.656881987706576922e-03,-1.950719172046195713e-03,-3.287246885111519737e-04,3.969976364090504659e-04,-4.735851578270866861e-04,-3.140561233860489614e-03,2.420950245630766866e-03,2.039299330671493719e-03,-2.295844347261121778e-03,-6.591283303467662539e-04,-3.614129917574641590e-04,-1.658039281239579842e-03,2.725091034343873030e-03,1.416285329159473099e-03,-1.665934778047614608e-03,-8.446736016655679484e-04,-2.054296151307186992e-03,-7.961206098776501866e-05,6.051503646047066065e-04,-1.358719437361896685e-03,-1.263687098916896475e-03,1.455079780579668250e-04,-1.757971571074833789e-04,-6.864927376039130875e-04,3.861218471861271981e-04,1.683013539406623285e-04,5.704294248100467483e-06,8.997469259670747325e-05,-1.675800270478981736e-04,1.178759315678875599e-04,-2.154844748447892744e-04,-2.511487875949871954e-04,-2.729764899814482340e-04,-6.743761996734510885e-06,-1.884199029135595388e-04,-2.145271867926963833e-04,1.339683934560688481e-04,1.019659347630341793e-04,-2.159835693212741744e-04,-2.238308976642566783e-04,2.209909260964651364e-05,7.151864426148307253e-05,1.296342265921700482e-04,1.864113753749764243e-04,1.988504236718017517e-04,2.232858022689669588e-04,1.482733827578727411e-04,1.799534526337305350e-05,-3.021423329718581833e-04,-2.613134161148519363e-04,4.975837641093208566e-04,6.012956960703127801e-04,1.033055283119091276e-03,-1.839795867119267583e-05,-6.237356936116194650e-04,6.592340058366846214e-04,-2.701223263719158482e-04,-9.664544780338597298e-04,2.486165158374991323e-04,-2.770765810369225294e-04,3.273715263692100123e-04,1.042117204482816622e-04,-8.617722502930412996e-04,-4.452890922725804440e-04,1.119521109616771989e-04,3.770213317802918328e-04,2.681346877927013239e-04,1.707801127592567536e-04,4.320960033722535850e-05,-8.085251293996826888e-05,3.267001379939437722e-04,2.688635246391604477e-04,2.079769077322669930e-05,-2.470051425243592418e-04,-2.216660607744764633e-04,-2.076548319216712959e-04,-6.580125539601552279e-04,-6.454149217277478894e-05,-6.610252292020343400e-05,-6.092045739272949884e-05,7.027064053632550787e-05,2.652566400672454444e-05,-2.257849216868304597e-04,4.750157282762970342e-04,8.246126248812529281e-05,-9.001032494112720151e-05,2.531706406831424339e-04,1.996387496012531416e-04,5.818016023992448075e-04,4.458702836309990161e-04,-1.234976559021295117e-04,-2.099310542059593891e-05,6.999928986268008765e-05,3.311858907181573070e-05,-1.621068880335466502e-04,7.016413158481955251e-05,1.099517006478696157e-04,-3.733821753889384094e-05,1.134863060368689736e-04,7.824581695524829023e-05,1.841073068518719937e-05,-2.214478463544447757e-05,-3.451557813241994561e-05,1.227756016287630736e-05,2.831772002787284054e-04,-3.026216436949894970e-04,6.738766598100317086e-05,-2.326451385536250002e-04,-2.272020229608598006e-04,4.910811117781412505e-05,2.793894241925584708e-04,-1.636504980665162733e-04,-2.359395974220793960e-04,9.599307197604991734e-05,2.713310779170467106e-04,-5.492843737946786218e-04,1.453651353837870819e-04,-3.829994158277437899e-04,-1.970843030792465266e-04,1.143441156479210914e-03,6.819522274879708358e-04,-1.659890009396330413e-04,-3.691721185611970151e-04,-3.544730468346414228e-04,5.709523440955071108e-05,2.906802343166798577e-04,5.158135579768484847e-04,8.387557792206666715e-04,-3.365563453654930344e-05,-6.391045463648831713e-04,2.141820567215482654e-04,-2.030778443397567425e-04,-6.607784581511009277e-04,-1.393709808503995607e-04,-1.824129732785155218e-04,-1.923645800531400044e-04,2.263097812233672850e-05,1.403186330819835995e-04,4.283737693451524887e-06,8.546767973372579460e-05,-2.838348278017844869e-06,-1.862023387614866396e-04,-1.256060954774873833e-04,5.131435059867855411e-04,5.589214279524283612e-04,3.058907573582956120e-04,4.385610137957813757e-04,2.374042339748227580e-04,1.187504297853546711e-04,4.076956933581418079e-04,1.163420227951537228e-04,1.083343623705217151e-04,4.145865092306589336e-04,2.443637363547965734e-04,-1.799056303344331474e-04,-6.367837906050438125e-04,-3.254453694568062929e-04,4.688543155979901453e-05,-2.864347814556011249e-05,-1.730964220159359748e-04,1.315504187056693920e-04,3.046089244626081849e-04,1.342381304847500238e-04,1.506954654910920761e-04,2.831307155137819396e-04,1.846439504468627745e-04,5.954502822327983295e-05,1.055709950288085823e-04,2.005856061353008578e-05,-1.566950542825776426e-05,2.341260808288754677e-04,-3.679604233387937830e-04,-8.115412949694879774e-05,5.049101750680283274e-05,7.581472254698424259e-05,3.200063208762282695e-04,-2.951170339448648365e-04,-1.102118480672417905e-04,2.665139744217540204e-04,1.947507186580932034e-04,-2.606790995980919019e-05,-7.511479627078788523e-05,-1.296389020445757614e-04,-2.252069382685984887e-04,8.554718139894932770e-05,2.087327316375472248e-04,1.679500033763537650e-04,9.722119189573683235e-05,-9.915468630650619666e-06,2.595547084451639715e-04,2.161848243402379863e-04,-2.710065377309181837e-04,-1.172140801690880899e-04,2.172617321589106261e-04,2.419441573783316798e-04,7.118384666677714668e-05,1.510045496856030176e-04,1.403716285768598349e-04,-3.662011336890686852e-04,-1.544610022738604862e-04,2.689766019492313806e-04,-6.231056788308387813e-05,-3.030293560711119012e-04,1.498880843440728590e-05,-4.341069307260279528e-04,-2.506482292041988229e-04,2.437322934593441225e-04,-2.086984920886393406e-04,-3.895948653001746632e-04,-2.361313847489337689e-04,-4.162651777124146894e-04,7.671872702596817522e-05,1.763602185326276208e-05,-1.543613350438125128e-04,-1.591122210913760188e-04,1.953617855923044403e-04,1.904744221738443244e-04,-3.401610604000860944e-05,2.416476702378115660e-04,3.591298101657564457e-04,8.611818762551194694e-05,7.661183877219041830e-05,-6.369136301346399888e-05,-8.408650993565092331e-05,5.115563015375227947e-05,-1.760814349056502538e-04,-5.426589522994105732e-05,-5.202181720299707389e-05,3.240223131712612580e-04,4.876629462041420370e-04,-3.868669045191149686e-04,-1.012726134558709559e-04,4.078974441027296899e-04,1.304663827793436330e-05,-1.183089544180142587e-04,-1.946103663469807548e-04,-2.303077223476616010e-04,-8.740807922813672009e-05,1.911488980870920868e-04,1.786099801754090829e-04,-1.523374160066342465e-05,-2.046013902778598631e-04,-5.157470766912111010e-04,-3.055631903706432012e-04,-1.807055914347559591e-04,-1.134089568905928270e-04,-1.910959770263215404e-04,-9.975882634940222459e-05,-2.854866327249417192e-04,-2.088058368162640189e-04,-2.873939860556739526e-04,-2.109139212192991315e-04,-1.846501497445929079e-04,-5.895763722798813414e-05,8.150677192807459070e-05,3.197263314850974766e-05,1.058827870458409486e-04,2.112655631584759114e-04,9.696796808010155080e-05,1.283990589051452625e-04,2.281930192990413574e-04,1.125641998858427020e-04,1.014175432477407455e-04,-1.349245059296089653e-05,-1.839575989438379947e-04,-4.875506102005793343e-05,-1.839142261391707315e-04,-1.545597292030605327e-04,1.651470632218821188e-05,-1.710866141400228549e-05,1.076247464785100392e-04,1.664909614212225141e-04,-1.024434763768418448e-04,2.977995441535726646e-05,5.975109009140914669e-06,-9.526336247750267019e-05,-2.123011025737520221e-05,1.505097861768267152e-04,2.819107765633143206e-04,8.529587209164915572e-05,-4.193876955604053218e-05,-1.516018410534024201e-04,-1.394059154201393201e-04,1.211843701828037734e-05,1.208777236239018084e-04,1.649357282214292629e-04,-6.669335581139847213e-05,-4.289463668359283017e-05,5.254752275998083504e-05,9.354277847165194800e-05,-3.031977662159495384e-05,1.964578511380241348e-04,1.903484601864564743e-04,-1.980971957713255940e-06,-6.251912483860303969e-05,7.895298959684050682e-05,-5.346071444268467294e-05,-1.273056045558600190e-04,-6.674767893350936428e-05,-8.235689815515217561e-05,-5.155951635517767623e-05,3.591733304642590914e-05,5.639755810539716547e-05,5.138358801189651096e-05,-3.501633148277656925e-05,1.488880500801903116e-05,2.369239555872031992e-05,1.159241895984811717e-04,1.316575906911364967e-04,-2.021784422361030313e-05,-8.109674506276957516e-05,8.999122531319400501e-06,4.960842725657642864e-05,1.229126337884088583e-04,-7.278828013547565675e-05,1.598361217245841941e-04,1.178332702876039252e-04,1.611937875833440438e-06,-5.346515229049219866e-05,-1.122896840445998892e-04,8.198358137629656902e-05,7.514739347847138073e-05,-2.011429401532123539e-05,1.299603563919552905e-04,1.592873226776444053e-04,-1.041413539452742579e-04,-1.200365157625751323e-04,-2.007272569515754457e-05,-1.629605383201291127e-04,1.191839185134895110e-04,-4.432571879287256698e-05,1.115844078546654266e-04,-2.764277881262523786e-05,3.941991943278565387e-05,5.113356228176539864e-05,-9.828269468280069606e-05,-7.393646933692510977e-06,-2.326765433760680240e-05,-1.915717091416507348e-05,6.067310213045129078e-06,-9.605360541468707506e-05,-7.011972336190390193e-05,-1.005835490418291271e-04,5.501971966916480671e-05,1.363426901800523681e-04,2.586773499303733777e-04,-1.285172472465740475e-05,-1.559305064967665992e-04,2.992294802689659855e-05,-1.199807409863222545e-04,-5.778723957567827318e-05,-8.913481252058053908e-05,6.977736347895630389e-05,3.170598614450935384e-06,-3.646720697640161592e-05,-1.385402007306557419e-04,4.866596685065760952e-05,7.228348502319547448e-05,1.396782318060208979e-05,-2.082865322331294673e-04,-4.531252569857775026e-05,1.664147462465052462e-04,8.541358664807963271e-05,-8.652717541589832588e-05,-1.551481358538449914e-04,-1.372423592032537417e-04,-1.414700020208058172e-04,-1.416626750076695510e-04,4.967231848953037736e-05,-8.767418976879978298e-05,-8.678429951891727180e-06,2.786291348058881777e-05,3.057209216760533969e-05,9.045660954729087256e-05,-6.794840766274274951e-05,-4.550691362400812720e-05,-5.341495218591479883e-05,-1.465528520540812981e-05,2.238289344039922903e-05,8.194923677341082536e-05,4.227644120111749668e-05,-6.715085739105480680e-05,2.596935968068497032e-05,-7.675741477930633034e-06,4.719445114874304062e-05,-2.877008893692920249e-05,-9.312511388748359121e-05,-1.597406252524021048e-05,-1.888237685310001219e-05
1.000000000000000000e+00,7.934511312913020142e-02,5.551383662803626162e-01,-5.479523839835667015e-02,-6.229693628514006154e-02,2.119013866107506347e-02,-4.726365056574709927e-02,5.127807607621975156e-03,1.590318186007682461e-02,1.129835109379848795e-02,2.289252888785659606e-02,4.643762069530156002e-03,1.800686358614438445e-02,-9.884495957879954262e-03,2.653834066485693394e-02,-1.986646356504344606e-03,-1.671382773564920139e-03,-1.065041138206088492e-02,9.013924025102419690e-03,-4.247578259298555835e-03,-3.007782260267719346e-03,-2.543361954317742511e-03,-2.683017570508770648e-03,-4.434561002118135586e-03,-4.911695137145745925e-03,-3.743862994291588878e-03,-1.423019198718511891e-03,2.294235169087313966e-04,-4.746248683228006943e-03,-1.161360998553177294e-02,4.099967571217329881e-03,1.569349365228624735e-03,1.619694152488119435e-03,1.466074791249386260e-03,1.083037305394713877e-03,2.105305569620702193e-03,2.664161848681189087e-03,1.916098463819290460e-03,8.717301175712708489e-03,4.216163589668164326e-03,-3.571475106191328470e-04,-1.679942270219512805e-03,-2.186756285471432287e-03,-2.011406561676184600e-03,-3.125504221493563377e-03,-3.632750816772354306e-03,-2.979210182804859289e-03,-8.323632691846358711e-04,7.731132254242031009e-03,-3.112579181172615405e-03,-1.824766942570694691e-03,-2.266676933244264006e-03,-1.913737509726326025e-03,-2.325464822565548404e-03,-1.364143086952005661e-03,5.180608056995017821e-04,1.040218533542385058e-03,-8.746574935942707466e-04,-1.046035044233422110e-03,-4.442247677234167479e-04,1.780494792155028943e-04,-4.181088017686694571e-04,-4.360027532529278638e-04,4.506532242497198913e-04,2.038154845542587093e-04,-8.442600242621634563e-04,-1.352121952128517704e-03,-1.789712211269369998e-03,-5.470122326931685939e-04,-7.368897836073189100e-04,8.884831570594479370e-04,6.717843262415710073e-04,-1.368692643121614035e-03,-2.483688915835564892e-03,-1.263150557649195260e-03,2.547557863796686946e-04,9.667949023397146534e-04,7.380796608089547481e-04,-9.787618233664642856e-04,-1.693867714551508617e-03,-7.195914137920717902e-04,1.666471894574708462e-03,5.241436841381138080e-04,-1.353555023919626472e-03,-2.835224250496674089e-03,-1.390311746747283994e-03,8.828573911730575627e-05,-1.856246926849506413e-03,-1.978159405816342503e-03,-9.972527036456371036e-04,-3.591193391353790423e-04,1.875312221876370810e-04,-1.602808565554344675e-04,-9.223322899643571497e-05,1.105478135434830115e-04,4.979364079274562838e-04,-4.510008799147219348e-04,1.896774209397253440e-04,2.900370767985503088e-04,1.897239879338643404e-04,-3.067645442430865031e-05,-1.983970849695891223e-04,-4.700960787059267382e-04,-7.320557983688854708e-05,3.652316856292946585e-05,-2.096850393110879498e-04,5.445538521693699292e-04,-8.977248641662829650e-05,3.153808181745854609e-04,7.480634017247707551e-05,-2.790463913017773010e-04,-1.710576601649356693e-04,1.476699441851561515e-04,7.789521749357966346e-05,-2.145015861398858392e-04,-6.773774115819727979e-05,-5.561274721444284225e-05,-1.278667290038498522e-04,-1.049351323555270483e-04,-2.334397700668363327e-04,-1.075958974804785815e-04,2.706850115238815680e-04,9.903983358969707738e-05,-6.675699790956405189e-04,-7.840366787027804995e-04,-7.022453998381703001e-05,3.384712863025997028e-04,-2.276233721957522313e-04,-3.541446630786815645e-04,3.438249364087011834e-04,5.038891457352544711e-04,-4.033090750166895533e-04,-5.691265656084295438e-04,2.001942164815386698e-04,1.867478491184564415e-05,1.228379960403262164e-04,4.978093664183870504e-04,-4.516622735531378917e-05,-3.454380205989902820e-04,-9.004189156076839611e-05,1.752347154799449537e-04,-4.088783483392983352e-05,4.152028812849118815e-05,1.447589086002786321e-04,-3.074433140276758422e-04,-4.997633524834709786e-04,-1.888832334356757515e-04,4.378301582307185134e-04,2.441680434160255599e-04,1.054895401116878837e-04,-1.510381706035090349e-04,-4.502562324655131005e-04,-6.361375181529413142e-05,4.492495891849074947e-04,2.864195023965608188e-04,1.384671431076289652e-04,-2.579831530755475580e-04,-5.242510037416382170e-05,3.002913318108960355e-04,1.201281097256172496e-04,9.487431087211869671e-05,1.517414193049768849e-04,3.963972628597102281e-04,8.367566206158159772e-05,1.384589549081218963e-05,9.530965337178246390e-05,-1.219026292130672822e-04,-1.257978651024405591e-04,-1.813375364878675605e-04,-3.344098244176364559e-04,-1.435184749687714570e-04,4.212672926403195057e-05,-2.128558996522128283e-04,6.938129163193093064e-05,-1.300707660388225508e-04,-2.905263846829627739e-05,-6.357198993750052185e-05,-2.145586104110055157e-04,-3.258960775141997012e-04,-3.154428840498072427e-04,6.884844151576137211e-05,5.034664162606892823e-05,3.566579732183811796e-04,-3.946472434960106583e-04,3.865060719078969569e-04,4.178309562554529170e-04,-5.583613404460945496e-04,-9.755319594058565937e-04,3.517631534243267368e-04,8.689457070090634725e-04,-2.284717313748380218e-06,-5.425487062971199350e-05,-8.387173402612433076e-05,-1.234736737234598623e-04,-4.521002705910658688e-04,-2.974334436567287556e-04,3.382426936530004815e-04,4.632038659509115394e-04,-2.989660829843337163e-04,-6.717209663712440937e-04,-1.497334804277815293e-05,1.567530383628617781e-04,1.127180946673976602e-04,-2.445573513617175631e-04,-1.622491055457642650e-04,1.619406406706355597e-04,4.468399139270951719e-04,3.223291935732058009e-04,5.799408238658007564e-05,-2.270832343627370156e-05,-6.899597173193862073e-05,-7.894816018595251887e-05,1.810151065998338870e-04,2.975121645306427927e-04,1.933576813964131016e-04,2.814012173838473509e-05,2.242293538899610341e-04,1.378794386278994494e-04,1.194875576833661241e-04,8.126586872787666508e-05,2.331932476539101881e-06,-7.334222903013352566e-05,1.710179122706355858e-04,3.125407408461428819e-04,6.806669063523806543e-06,-2.099931918619525205e-04,-2.122235467856208675e-04,3.834114720726987678e-05,-2.824805288545864180e-04,-3.602496792163574599e-04,-3.059993032338732279e-04,-2.655006807917110394e-04,-3.636040042484209073e-04,-2.548660227328855836e-04,-9.469480300408462492e-05,-1.000197805338216774e-04,-4.495412887121957533e-06,-4.375675664097552055e-05,2.710311091154999209e-04,-3.953877347962260632e-04,-2.010657546170667778e-04,5.366975436484346888e-04,2.964237833209314252e-04,-6.762719390579292802e-04,-3.245381961050362645e-04,5.569148461620255803e-04,1.427061255243010894e-04,1.298237870999045273e-05,3.027772293828293591e-04,2.322003909979032774e-04,3.113623209085615156e-05,-1.367666385489067656e-05,8.405940890342019359e-06,-2.905396762570587382e-05,6.817309074566502353e-05,2.507446275712474479e-05,-1.531878863704318270e-04,-1.669224787947152860e-04,3.102087246933340104e-04,4.923451779519143158e-04,-9.420315546150562669e-05,-2.437211252857770800e-04,1.112421639156063112e-04,1.062579389437813912e-04,-1.008330053992208399e-04,3.976162778641597404e-06,1.340075434795020225e-04,-3.427744798407588779e-04,-3.834372697939043752e-04,8.806272126441674078e-06,1.732405534421726666e-04,3.590972407803391154e-05,1.202541506877208912e-04,-4.443691000220718564e-04,-4.949844069142750238e-04,1.570426498125494300e-05,2.641307385557233132e-04,1.317000696729722013e-04,-2.940981056913036522e-04,-4.102445466411955635e-04,4.647749864049566362e-05,2.649697258072192209e-04,-3.308810568491273940e-04,-5.215146203135858109e-04,2.108927693523874017e-06,2.182962157642343991e-04,-1.622029048768556993e-04,5.165530327253498000e-05,1.586704373355789623e-04,8.035151527683062048e-05,1.115291894012408752e-04,6.838601813691267569e-06,2.402598770658243639e-04,-4.659842756697821567e-04,-2.656056773015331930e-04,1.026190720422336030e-04,-2.345175015224642417e-04,-5.523573432149577129e-04,-1.296229351569043876e-04,2.977271625474526748e-04,-8.043117328286910857e-05,3.813417534485808629e-04,5.867341261022208931e-04,8.650319405242824170e-05,1.474316798073420159e-04,3.860613397062903217e-04,2.103900963483366676e-04,2.825390629175945215e-05,1.511304578845649516e-04,2.326524678615504401e-04,6.152510594852938694e-05,6.782021562551068989e-05,2.643898244691249354e-04,1.354404771332012121e-04,1.252631865759893824e-04,2.421247361858884831e-04,-1.106682467858573118e-04,-3.383148399876423091e-04,3.609843507269456109e-06,4.854430108596457908e-05,4.071490997171706790e-05,1.546114754993093072e-04,-1.965257716074889148e-04,-9.439779409385787399e-05,9.707897534861408364e-05,-4.636395485044662499e-05,-2.919456304906271185e-05,1.067809960711497871e-04,4.965996828462092847e-04,3.298892232731713667e-04,9.791217889726917096e-05,3.078271558377111629e-04,3.958908025649088237e-04,1.325865693116310350e-04,5.797844577889049191e-05,-4.774962626475201169e-05,-4.375425694545477588e-05,-1.044370135205276775e-04,-1.994692179706292548e-04,2.569214978612503732e-06,-3.581192060881442760e-05,-1.211235518766463909e-04,-9.996892041647533844e-05,-4.723699982761716908e-05,-5.209503509073911347e-05,-1.209449161609130429e-04,-9.986787544396284408e-05,-1.605982804640613952e-04,-1.993889247276760203e-04,-5.818850130717036890e-05,-4.634421899470548965e-05,-8.827658222472784119e-05,-5.000424978095633271e-05,-4.202457485235752476e-05,-1.818524296393733198e-04,-4.782282528419428606e-05,1.712467796999262324e-05,-8.971930013877552675e-05,3.641425015425185326e-05,-2.366118718229847241e-04,-1.420372355272222055e-04,-3.574459474742939450e-05,7.585997608351381122e-06,-1.280047558107154219e-04,-1.692353268611581502e-04,-5.270217340694676546e-05,9.257096134010757925e-05,-7.379173790690274858e-05,-4.208754290180598858e-05,5.075729699246626654e-05,-2.479603601923518268e-05,7.754821318468082579e-06,-1.469584476078159428e-05,-3.569510810216213289e-05,-4.450541473734866626e-05,-1.545662122951378193e-04,-1.610549696090608405e-04,6.116124697271140218e-06,5.346519983519328496e-05,-1.475130218061244080e-07,4.928376439569503835e-05,-1.025196273788344292e-04,-4.167413309945485964e-04,-1.184696941943997115e-04,5.885105317076515691e-05,2.621199506890318809e-05,5.954275059495891533e-05,-2.216168543922595246e-04,-1.501727684640744227e-04,-1.639518234307916133e-04,-1.425804384889944973e-04,-1.669863005507726545e-04,-1.401124152553077224e-04,-1.220180031851062955e-04,-7.922828367545935125e-05,-5.370916261207131357e-05,-2.046720096862552156e-06,4.578678396000398143e-05,6.015238042694776569e-05,4.630706493678675797e-05,5.336689608963741037e-06,8.902060015871494599e-05,1.104613380942744719e-04,-1.732288499405236308e-04,-5.080584325748805990e-05,3.852510960688139977e-05,5.300887923505660565e-05,7.230374800003169420e-05,-1.364076326095737580e-04,7.725306345362583131e-05,2.991536811960560313e-05,-6.052419108840388786e-05,-1.758253928282385841e-04,-1.382361551415759869e-04,-1.247089881326802661e-04,-1.422982683700833298e-04,-7.465636817655616224e-05,-1.125616718001610145e-04,-2.591313103096077786e-05,2.707205038231283147e-05,7.645302670113671183e-05,1.604705517696473674e-05,-2.550190708999150070e-05,-8.296721499500201954e-05,9.446502958880830273e-05,3.802664230238875063e-05,4.509895330835479852e-07,-1.087069554557199799e-04,-6.137572703875144198e-05,-1.540241090189976337e-04,-1.231365751852587782e-04,-1.640542978834528000e-05,-1.114638646943139945e-04,-1.143394367447611966e-04,-2.310590137180339225e-05,4.653933405050939096e-05,5.542881591461784298e-05,-1.523203938301047806e-05,1.374065487579603087e-05,-1.367969995194709431e-04,-1.398224905273547688e-04,5.639749812053969802e-05,-7.625067670579947928e-05,-1.606989966879901412e-04,-4.409494658725088604e-05,-5.742486610067775338e-05,3.211824991600589242e-05,7.202820942821317704e-06,-4.792981032822630767e-05,-6.988320342493692437e-05,-1.108670806428224920e-04,-1.365156401157821607e-04,-1.187038984096263546e-05,-6.156317435561620100e-05,-1.129915001041242260e-04,-4.709984471931537428e-05,-6.924776352870716777e-06
1.000000000000000000e+00,1.136569315831979371e-01,2.894380974078038515e-01,-7.506454498851999890e-02,-4.230750460240528810e-02,-1.927232914229036129e-02,-3.622264832023919245e-02,-4.367741220380402800e-03,-8.055100856121183428e-03,7.787130444969960364e-04,8.275253658487661743e-03,5.950426793505870365e-03,-7.485170511343939605e-03,-1.827795786730088091e-03,-1.029089838248554642e-02,-1.337095418314686226e-03,-7.686962491001819156e-04,-1.021909458211200635e-03,-1.631705879590218808e-03,-5.551755853608878908e-04,-1.068409484028895289e-03,-5.669901329159921953e-04,-3.365885760582838348e-04,-3.664304763224058886e-04,-2.580338815406858408e-04,-8.456178840239617588e-05,-4.122539771695281395e-04,-2.832486437133211409e-04,1.285354881977934316e-03,9.771605471441894685e-04,8.417047877624171778e-06,-1.192102562176025870e-04,2.586630975218375699e-04,-1.693664953512061841e-04,-2.872127334467911627e-04,5.320669500831626264e-04,7.281021138151417757e-04,3.239953448401430847e-04,-2.522387563226593469e-03,-1.717522196472410199e-04,-1.434393924925541925e-03,-1.108084302306009284e-03,-3.563997983076432172e-04,-5.368988991575820036e-04,-6.609506774524696567e-04,-5.049186226701996147e-04,-4.211413792633798012e-04,-2.614675548059945849e-04,-1.067581079335685980e-03,4.743691531337259530e-04,4.426286208293063440e-04,3.805242445769722588e-04,7.256829379796347814e-04,7.417224726120746903e-04,2.901653531035041023e-05,9.779062507265923182e-06,8.251410003288199178e-05,-1.748880357765217970e-04,-5.943117996901252451e-04,-1.739494178351535050e-04,-2.647635504487400276e-04,-6.307574488762537858e-04,-1.673344328446081046e-04,-7.893497739645503072e-05,-6.266606468456717731e-05,-4.010208712876716557e-04,-2.503163489158730754e-04,-1.306491336446084707e-04,-7.744892030534468366e-04,-7.782074664926854615e-04,1.985430112499385075e-04,4.269461345906569666e-04,-3.405899719704084299e-04,-6.975453307029873913e-04,-3.581256400008733061e-04,-8.768126298672316481e-04,-7.403035325461340254e-04,7.689320362002169265e-05,-7.547738446158878955e-04,-8.588083996740234448e-04,-2.630700863484136220e-04,-7.310145508772369384e-04,-5.291963098048304507e-04,-6.137960983050307854e-04,-6.785370157324700129e-04,-3.241769345024521679e-04,-1.666397571285064573e-04,-5.294637643679946624e-04,-7.173452598563374947e-04,-2.329283800849117625e-04,-4.065056224189462293e-04,-4.865565588864026198e-04,-1.391896038182594832e-04,4.157064624220528729e-05,-6.947546230606379201e-06,6.796564521992745796e-05,1.329459574517191265e-04,-3.235254410767017740e-06,4.707773341007757950e-05,-2.134210306217194225e-05,2.003352610646652051e-06,8.161910984498397170e-05,-3.055277529091986411e-05,-8.032233489764419726e-05,-4.107148307125882343e-05,1.831001334599135767e-05,-7.470716825949824127e-05,8.242621594198893347e-06,-7.838317675099320373e-06,-2.640767525305084520e-05,-8.663392713335995169e-06,6.405335510336270981e-06,-5.539592258255620261e-05,-2.428620955400847479e-05,8.617089889532218017e-06,1.379169340251381698e-05,4.532410655674699575e-05,7.548001430858039171e-05,-4.331562501256889576e-05,-3.583300525418636208e-05,6.331311068647315211e-05,9.110417951861121276e-05,4.203104352120553107e-05,3.471567781350616001e-06,-1.021003927450906285e-04,-5.946890926274456555e-05,1.740869110737976627e-05,2.323760931960606701e-05,5.977512355726960920e-05,-2.294403890959588815e-05,-3.273006181239493102e-05,7.339923705856492330e-05,-5.743293409177927580e-06,-6.278912868478495328e-05,-3.449127045658596552e-05,9.988729411001111980e-06,6.595807426527821659e-07,3.368522138412508249e-05,5.369477961256266936e-05,2.245476440658292848e-05,3.037142905272953360e-05,4.508254228479526780e-05,2.810531746671182671e-05,-1.043300366335226337e-05,1.330597696474909395e-05,2.341091346705245803e-05,-1.710463331636211573e-05,9.204880519402930091e-06,3.581385067065125425e-05,1.736395252855431600e-05,-3.422725481152123586e-06,-1.093456919290281974e-05,-2.474993352461341537e-05,8.978805106320905213e-06,2.508553566420376858e-06,-1.739159087259357315e-05,1.730358390037402546e-05,6.298927048292364244e-06,3.410293544021383418e-06,-8.392368367809531013e-06,-1.054689519802271015e-05,-9.384793236387143974e-06,1.164803301971716420e-07,3.276554505732997462e-06,3.487207031028924090e-06,1.290219034340319882e-05,3.615569322011645737e-05,2.687640970386365091e-05,4.090405266739642474e-05,5.093951949786379554e-05,8.671954394027550268e-06,2.407350295688635234e-05,-3.399887980249041182e-05,5.943448332529293563e-05,1.155335492974572747e-05,5.039682682685095357e-05,-2.102787825747477223e-05,-1.515084672456621986e-05,3.553442063448803827e-05,-3.644146756226525075e-05,-6.208230312906696559e-05,-2.803918721824392261e-05,-5.377408571151524782e-05,-7.440316702792686176e-05,4.796675146832783915e-05,-3.674968678953942711e-05,-1.479949512214639209e-05,1.779740665016506495e-05,-1.238007790685678505e-04,-7.181191279228180363e-05,5.357357482318171957e-05,6.655217478947700945e-05,-7.191015147279766436e-05,-8.061411930679873163e-05,-1.524975606074920422e-04,-5.436635585417456528e-05,-1.661050425959067920e-05,-8.563590027379430422e-05,-4.401257115126790749e-05,-4.817085920339478025e-05,-1.069406126190412022e-05,1.739844222749348406e-05,2.050217793736184389e-05,-5.031021865887679302e-06,-1.361930820906510784e-05,3.799692000096347041e-06,3.944504652656914993e-05,7.443410287774225370e-05,3.685040462539582585e-05,1.243922779006448045e-06,-3.494559960050355757e-05,-3.600545234899560061e-05,-2.468326548147988238e-05,5.234634918605238567e-06,6.158545436512930264e-05,3.293109710271004186e-05,-5.818818447408478872e-06,-2.371529763590489098e-05,-7.025795681581046258e-05,-2.812177860871657056e-05,3.040310797491466412e-05,2.037786764890632326e-05,-1.260439761183605444e-05,-6.526729295463599707e-05,-5.247213979390618900e-05,1.322850187569851565e-05,2.393621820416807507e-05,-2.326923058927760554e-05,-3.809201022606044357e-05,3.036306154181976698e-05,4.087148084503500173e-05,-2.013381431406471107e-05,-1.672802048230593829e-05,1.295837936256255501e-05,-3.260323301549859223e-05,-2.966164588250350952e-05,-7.713125484808584862e-06,2.691622689849253934e-05,6.762196539236924930e-06,3.146217892299661521e-05,5.308391915879461550e-05,2.955026167186164531e-05,5.787124967891131680e-05,8.633941142270356477e-05,-2.899573317144998308e-05,-6.419908243953248168e-05,-5.126474299546815173e-05,6.391520205805021010e-06,5.033049375231571343e-05,8.051570400972235585e-05,3.229733639778291989e-05,2.021886090832774219e-05,6.542620062982767244e-05,4.174468556102744548e-06,2.941084275882247196e-07,2.272973881539377727e-05,-2.267605568171404549e-05,-2.115514262261277575e-05,-7.033149965761720989e-06,-1.908427774482565015e-07,8.460402208960418526e-05,3.076435637545589811e-05,-3.638491077635504624e-05,-2.434449355927180065e-05,7.341667293500344681e-07,1.619555840352837956e-05,3.936384414408674633e-05,9.806328148665802440e-05,8.642664591597615042e-06,-6.343151100323608685e-05,-3.009962942741744484e-05,4.697213995594249250e-06,5.295147647377681052e-05,7.888370200611281022e-05,1.081671784555347627e-05,-4.795943980622248003e-05,-4.767885031832537474e-05,6.243084174742239865e-05,1.255630239618050646e-04,5.981372439750104784e-05,-1.771684174286676833e-05,-4.641184712884233437e-05,5.177793392692939912e-05,6.391287298070423919e-05,1.415975124544079552e-05,-5.251605447906221705e-06,2.466354666958869133e-06,-3.367164316204763048e-05,-7.782609170660584742e-06,-1.108991130969946261e-05,3.914754728497033638e-05,3.225078300591245237e-05,-2.302898899425509982e-05,5.550290258450150130e-05,-7.470829076903118942e-07,-3.533116916541143997e-05,2.562968259149816090e-05,2.226876659417125384e-05,-4.741160950512605487e-05,-1.149045725822079957e-05,-1.127083102907667464e-05,1.077336805408924890e-05,5.440249788751767108e-05,3.174948401098542889e-05,2.992634440291629908e-05,6.642777063045295755e-05,6.125785640105986302e-05,3.448863262632187844e-05,1.545128609328970902e-05,2.168839715747901271e-05,3.204037281002282091e-05,5.760227586875948534e-05,5.311217370767839791e-05,2.093150041576206767e-05,1.347850370409641817e-07,-1.309201755242341685e-05,2.932261950147958303e-05,4.916885915644911037e-05,-5.113542286470266461e-06,-2.347560037334617786e-06,1.314818702955531398e-05,9.387888146222974993e-06,2.104191103990948468e-05,-2.002546817737505436e-05,-2.122835694194240408e-05,2.107864154722174319e-05,2.594445870498184297e-05,-9.875441722367145874e-07,1.930102482654711425e-06,6.790209181936384514e-07,2.960605453813151564e-05,2.303083840217462174e-05,4.580059512051673834e-05,2.841366297609947207e-05,5.370158398599696366e-05,7.482417229277017994e-05,3.623549860590948436e-05,-8.185246916646773539e-06,-1.983849193973511149e-05,5.413412138798066296e-06,-3.787959579730937660e-07,-1.958015848828847098e-05,-2.296657325648597501e-05,-3.084326184251688939e-05,-1.996188610715786486e-05,-3.814147228228647994e-05,-3.921952065427702813e-05,7.040049475663513459e-06,-1.180627969709133586e-05,-3.921874096795506640e-05,-5.866751450615144122e-05,-3.194079149177885842e-05,-3.470771606748504972e-05,-2.974625881292219378e-05,1.866152314909070789e-05,1.543222650485047003e-05,-1.757550686187741085e-05,5.529584086835961001e-06,-1.660972260598757872e-05,2.533595155673979625e-05,2.551495655066482834e-05,8.522789140871224153e-06,-3.726214557530432121e-06,5.504410642768490586e-06,-3.721306745210397883e-05,-3.799015786318734613e-05,-1.871057207400847052e-05,-2.089948096059956797e-05,-3.643507591585511737e-05,-2.522148417583755690e-05,-3.447425652270472976e-06,-9.664200276789763663e-06,-4.043135901555489698e-07,-2.141457666580966299e-05,-4.775642639348348406e-05,-2.081155736124372415e-06,8.645670421650096766e-07,-2.251706736011365671e-05,-2.912497888798107760e-05,-2.314259221840456122e-05,-3.157576794491057895e-05,-4.688607617600177018e-05,-6.187402320388953156e-05,-1.869153516109025524e-05,-1.537615761440628786e-05,-1.018574999527522465e-05,-3.596634809528651011e-05,-4.559808181113881589e-05,-2.115348617940386948e-06,-2.920211487439286813e-06,1.180079197964986101e-05,6.457062637574583391e-06,-4.482490833849171323e-05,-3.743703033750297776e-05,-5.531136995162124562e-06,-3.928300308548238006e-05,-3.808648124296380136e-05,-2.887652653469118937e-05,-8.703267625556606465e-06,-1.324059921077423746e-05,5.625975950221791563e-06,-6.985029870275461439e-07,-6.926257706862949299e-06,-4.307223381610133790e-05,-2.800022818843796282e-05,-8.223058217467878593e-06,-2.423506674417398387e-05,-8.066172992226806014e-06,-2.795150425182288428e-05,1.358899686936364502e-05,-4.601346287924961014e-06,-2.360030249546673576e-05,1.529174161585667677e-05,4.288868978470687193e-05,-2.404604332409940934e-06,-3.357199177316149646e-06,-4.895526370261552463e-06,-8.705420195915582689e-06,-2.017251553816481040e-05,-1.598524527159306099e-06,-1.538249111782325119e-05,2.087175344162619768e-06,5.278314179699520266e-06,7.596025936559618416e-06,2.306247226972744200e-05,1.550496003219632070e-05,-8.392310558687798871e-06,-6.982329337872824736e-07,3.027254322768240834e-05,2.359133601375372195e-05,1.509860382943926956e-06,1.133565606493771505e-05,-2.521097972379203672e-06,-1.416568434874477927e-05,-8.451842436024279676e-06,-1.926791738013380298e-05,-1.438620137554790074e-05,-1.046298927178661596e-05,2.927001776355159408e-06,2.905882018553321760e-05,9.651750496421955880e-06,8.635389172979672851e-06,1.383204887911951110e-05,1.559218795652921890e-05,-1.638238482769803156e-05,-1.042194921805844584e-05,-1.639251465712107307e-06,3.512387810462249667e-06,6.846484593162232139e-06,9.540005335366986882e-06,1.788810918021002112e-06,-2.328294587275630201e-06,5.834269045403525259e-06,3.622169053158208491e-06,1.021291648555284195e-05,1.502558360632898146e-05,9.641911534708611330e-06
1.000000000000000000e+00,3.637376793473879460e-02,2.009219194211010751e-01,-2.412116450814847431e-03,-1.362320325275529799e-02,-9.420602967311669709e-04,-3.787423153963052208e-03,-9.236358386206334342e-03,-5.139363702585146403e-03,7.328748236870193111e-03,-1.013595694342328546e-02,1.920665611591704366e-03,-3.420657880552630502e-03,1.920096486235145289e-03,-4.732030062288063513e-03,-4.395734222214247753e-04,-4.535676161485460733e-04,-2.042353842026510373e-03,1.960478427815433126e-03,-1.166091037060947152e-03,-1.132274251067017174e-03,-5.869992064688221234e-04,-3.013679809262332287e-04,-5.789956384762910517e-04,-1.588036361689009282e-04,2.102122109408191867e-04,-6.241620952385445000e-05,-5.559423869155186377e-04,-9.924003489000393381e-04,-6.405374832712186668e-04,3.426828606446168492e-04,3.975663732722027198e-04,9.573545029334956267e-04,8.375163115836858907e-04,4.091258229718247857e-04,3.182789672207568467e-04,4.138162976993067311e-04,1.393005493286450969e-04,-5.968208614693334448e-04,2.240519363309763628e-04,4.697565193702171147e-05,-4.551822660975557129e-04,-1.369385422144614494e-04,-1.630842191776383859e-04,-1.727384534303845736e-04,8.239488288829354529e-05,4.900196047776825628e-05,-3.316298427327080318e-05,-4.054434509667700177e-04,5.024345531464610975e-04,6.718349302865789501e-04,6.750680547246683955e-04,5.095942058629009857e-04,3.055530092207964558e-04,8.613110694562011740e-05,8.693950047335765067e-05,2.780663573954802526e-05,-6.453381548949839583e-04,-6.431879672475341626e-04,-6.072126093137414837e-04,-4.218476896055642637e-04,-5.258332224278888974e-04,-5.782080130793417318e-04,-7.355906372582806086e-06,-6.762224824758525962e-05,-9.599562406455807015e-04,-7.443197734348247713e-04,-5.702394508339485692e-04,-8.374373048951946072e-04,-3.841978852561091619e-04,-5.009754671836579368e-04,-3.366557410817315661e-04,-6.203381742295338043e-04,-8.265694868357978918e-04,-6.382486690739086954e-04,-4.391375599745384528e-04,-3.395466768322333035e-04,-3.368227519168944385e-04,-3.840745228109163404e-04,-1.624015056853449766e-04,-3.468934131559608058e-04,-5.567359988580388580e-04,3.546678375752632264e-05,-3.853934071717952372e-04,-2.791591511475164473e-04,7.894361786307013446e-05,-2.303613542231534666e-04,-2.455401908255245820e-04,-1.849969488460509535e-04,9.930646549632537892e-05,-2.778405721374110253e-04,-1.663397040076385568e-04,-1.578089238359457356e-04,-3.886852545450263698e-05,-5.926534451723881620e-06,7.867628797961642121e-05,-1.206655031573078082e-04,-2.939633382447640094e-05,-9.568632821420667593e-06,-7.509463666903285221e-05,-1.137180548952492192e-04,7.332424154144865801e-05,7.682141794278610789e-05,-1.878500840289759014e-04,-1.394408444205404423e-04,1.186167720740957715e-05,1.209619575031789540e-04,-4.995694967843120521e-05,-1.719272632830508131e-05,-3.540178888044749335e-05,1.143854980482566959e-05,2.420824304734519529e-05,8.819123509961325244e-06,-4.371306536754141013e-05,4.287316787866648821e-05,6.180601672347218675e-05,1.363058455616172557e-04,-7.231968814849948390e-05,1.828953949028797141e-04,-1.679423364089410270e-05,-1.076767479790535392e-05,1.818319686787021395e-04,-1.764176125914098379e-04,-1.483519409977068825e-04,1.487067886501126587e-04,5.244298487006312468e-05,2.202097181303909197e-04,-2.777276817700445662e-05,-1.227474593934623263e-04,-1.258316712667076603e-04,-5.729342620105345524e-05,-1.576553048372268933e-04,7.612915206791090537e-05,6.898686954386279652e-05,-5.890967251341027735e-05,-1.978418135286694367e-05,-5.316174989661410583e-05,-6.726559155299716619e-05,-5.800544357500668616e-05,-2.512898112166329700e-05,-7.756776273660053443e-05,-9.163837497291566576e-05,-4.598191228997754903e-05,-5.917930726735504360e-05,-9.104313498059648591e-05,-5.899147568150552224e-05,-4.954197026849029348e-05,-1.080716364103354575e-04,-1.090437577502413710e-04,-4.664791895975462172e-05,-2.474476902280021520e-05,-5.477106388015406350e-05,-4.048201975353463329e-05,-7.769186364363277696e-05,-1.056066099560143314e-04,-2.908243242186264396e-05,-2.356854581712581936e-05,-3.876668810025839397e-05,-5.813461473590642823e-05,-8.160980735256708135e-05,-3.234855121426555248e-05,-1.142172702782260806e-05,-2.755600665426829080e-05,-3.047493883481989006e-05,-1.397074068838115987e-05,-1.606151374170019985e-05,-5.429445903639865017e-06,2.048568501357413160e-05,-1.636199309463776577e-05,-1.464032436875014225e-05,-7.584001026084994521e-06,8.036749233179436982e-06,1.092374662463594032e-05,6.605126499465616390e-05,-8.926549521990865285e-05,-1.957834522243879203e-05,-4.670598980206158924e-05,-8.498911918962962419e-05,3.667653852295091565e-05,4.903317676306283518e-05,-9.945830737205468397e-05,-6.578951359692151914e-05,4.376179768329561384e-05,-1.256545515538556748e-04,-3.997986351929334718e-05,-2.457629969915824474e-06,-2.769925292216623802e-06,-2.522385204386329578e-05,6.068937704148567471e-07,-1.841231622705369992e-04,-1.097933600068140569e-04,4.317556482948572662e-05,-1.811505829187268026e-05,6.218182094315435069e-05,-6.751183654673354817e-05,2.815965609003738687e-05,1.867963564767921819e-04,-1.006554853801496245e-04,-7.020168307868149618e-05,2.548459852418519874e-04,1.394064018284327374e-04,1.243418200134800998e-05,7.410791847358995451e-06,4.420170185357333932e-05,4.508917500105388533e-05,3.657258315076272645e-05,1.664205363593259336e-05,-5.932754416678824911e-06,1.425629001574055421e-05,2.082466693711232047e-05,7.703212531441202215e-05,5.317751733819062681e-05,4.306949283978465221e-05,5.488030889624496408e-05,5.886835638047278001e-05,3.513482051610913740e-05,2.549534261774103819e-05,1.553660552967043725e-05,4.720914084631474238e-05,9.266831241635588876e-05,6.922129681470082197e-05,1.097737259164532171e-05,-7.549013354145979361e-06,7.353157483517402661e-06,7.876414740535940984e-05,4.317909843347794279e-05,-1.490849154666154893e-05,2.398684810350356039e-05,1.046753565334699259e-04,5.864067153159655275e-05,-3.728848211703532288e-06,6.511994031454696819e-05,9.388284129384491181e-05,2.996516108196008263e-05,3.565401989807445449e-05,2.194166482542781867e-05,2.668555735692176903e-06,-5.973156906277193564e-05,1.566716020339809813e-04,-5.217304542322370498e-05,9.411001378157110445e-05,-4.991225921743896933e-05,-1.041565445844172311e-04,2.597158406072165414e-05,1.422244697296415350e-04,-6.446828203708403059e-06,-7.580121762783448324e-05,-1.628857779735944100e-05,8.892861318749315847e-05,2.285325704278998955e-05,8.106656877068205451e-05,4.072439587506893711e-05,6.218386927010868440e-06,4.088515582428161151e-05,-2.464831775549906938e-05,-2.798567600248481156e-05,2.900234088880635356e-05,2.624084758548816341e-05,-1.422478722067791982e-05,5.664644123589180377e-05,6.854861369959178577e-06,5.802934064016596619e-05,6.776441745808018606e-05,-1.882990022548584305e-05,-2.495205942435779997e-05,-5.365330952408759710e-05,2.697876308223082459e-05,-2.018225697445799651e-05,-1.244191417697437843e-05,5.913160374130897108e-06,-3.707813966208087729e-05,-3.579345822765145790e-06,4.778787553627602907e-05,2.170806091567366853e-05,2.514256158794553710e-05,2.312161602049715660e-05,-3.884567530980127865e-06,3.893351551509942099e-05,4.256647862190084586e-05,3.457372552801251503e-05,3.172102207741810348e-05,-6.539363830928437575e-07,2.435872182194148865e-05,4.896817786929948536e-05,1.710038216514150468e-05,-3.351617333833656586e-05,1.027754043770277678e-05,-4.705682074427333721e-05,-4.918819193973561417e-05,-4.824793186643177114e-05,-5.337116231402998852e-05,-1.276359280546884642e-05,6.729362407979903621e-05,-8.268922046101574274e-05,5.109594945405445814e-05,-8.828507216869930629e-05,-1.640482905723123581e-04,-3.663528469023666936e-06,2.109305011491313095e-05,-1.384947777085948357e-04,-7.352522330909296282e-05,2.625597430959667768e-05,-5.143675199005211701e-05,4.471175514004475270e-05,8.847489082200923742e-05,-9.893783419339635785e-06,-6.264683659919573146e-05,-2.593379350724897691e-05,-3.146192699105079701e-05,-4.684932913866982871e-05,1.324070194422450056e-05,4.424521378200126434e-05,1.389659747042755470e-06,-6.238407604061257244e-05,-3.076541821769155808e-05,-2.003497228259233995e-05,2.670865055074282180e-05,4.283189908608193530e-05,2.920013053114516626e-05,-2.930245057251868579e-05,-2.111008181311068487e-05,-2.041746242457316245e-05,2.071333930667236165e-05,3.241762917993446235e-05,-3.184309263182917511e-05,-4.058517322477886636e-05,-2.933998651897620790e-05,1.790255992413213737e-05,-5.773400357262701665e-05,-7.175225295289174650e-05,-2.813537936763167336e-05,-5.698875627836470504e-05,-8.916931350898006084e-05,-2.593776834756477079e-05,-2.477040768674034594e-05,6.128893089945453636e-06,1.030229268381194911e-05,6.367072681493936141e-06,1.321794693717447822e-06,-1.679642192320399924e-05,-8.458865038007121046e-06,-2.790714526454550181e-05,2.967795802461711735e-06,4.699704601064023135e-06,3.533118101045855838e-06,2.200030775065938088e-05,-1.332821351071956870e-05,-2.307430196994621303e-05,-1.676848636747169384e-05,-4.792651744179857439e-06,-1.665845136389776398e-05,-1.743029233813614843e-05,-3.142161563336954888e-05,-6.816618324813432915e-05,8.987667246137774488e-06,3.134508637640489497e-05,-3.213608151285831749e-05,-2.505408073458463078e-06,-2.185289205253838091e-05,-2.213885926670314000e-05,2.892008322963027079e-05,-4.394150554302119071e-06,-8.256307937996283051e-06,-2.398078564473691022e-05,-1.659892294374150568e-05,9.702401873316462492e-06,2.188958691958176267e-05,6.678398196029379444e-06,2.806212302257153049e-05,8.594486156982552937e-06,-3.214240669195183608e-06,-1.396003057657955786e-05,1.510695017899948602e-05,9.130749316566828783e-06,-5.189862274899148565e-06,-7.434324078304989047e-06,2.014556710488896867e-06,2.004937749828285750e-05,-1.785894841303680738e-06,-4.945833012974281904e-06,-4.455586679956134326e-05,-6.377490408588608729e-05,-4.043553708565669188e-05,1.015965955488244902e-05,1.339097695041365301e-06,-9.933423042967272652e-06,-2.161429183337762699e-05,3.837301698377125010e-06,-9.985124566817166439e-06,-1.383515752801732034e-05,1.436604865542248073e-05,4.324929417614686905e-06,-1.364027805120585418e-05,-1.200570132501827022e-05,1.073290417107735419e-06,1.756733075140120878e-05,3.198790360944225267e-05,8.784464201077796667e-08,1.373810823001424139e-05,-1.216532938684934947e-06,1.313309508436586153e-06,-1.802687808393165953e-05,-3.489131976166745687e-05,-4.934386195300437223e-05,-3.235005613910660831e-05,-1.270900106311304749e-05,1.014834323925241300e-05,-3.428223390419980271e-05,-4.436933008172114001e-05,-4.492520459981353282e-05,-5.278518282515633745e-05,1.106847854112680588e-05,-1.156305205139397462e-05,-4.262164224587130991e-05,-3.988941198560760660e-05,-7.561598341606657243e-06,-1.660343102940707211e-05,-1.699723420227704145e-05,1.446091128054853446e-05,-2.102858122834023685e-05,-2.323318541231136146e-05,-2.260794205383958496e-05,-2.250962928186546210e-06,-1.056029021235391154e-05,4.886998357455935642e-06,-5.313864145003214403e-06,-1.085984505104787920e-05,1.614783831931765047e-05,3.121185870759505794e-05,-1.901346258710921311e-06,1.004933892282782141e-05,6.252834490427435745e-06,2.576810643847676064e-05,4.100745490683512418e-05,1.952835597231660571e-05,9.598267756940893937e-06,2.745879687585065507e-06,-9.205836340244193798e-07,-2.054570794417913697e-06,1.383363412864320730e-05,9.086404246554928864e-06,-3.205449656588262573e-05,9.694661999867966112e-06,4.001337721368557817e-05,5.677513435764609007e-06,2.002568089601660409e-05,3.240557947243706168e-06,-1.505169313770062438e-05,-8.879587347292032843e-06,2.394354547566094009e-06,2.728040973191700759e-06,1.135035453292009422e-05,1.092558370313088005e-05,1.059260497521710467e-05,1.121979421125363130e-05,1.527094191946367843e-05,3.335374679408960656e-06
1.000000000000000000e+00,1.029703829975599505e-01,1.352823917735629378e-01,-2.970055663020146688e-02,-5.547586574166159940e-02,6.203934649142760736e-03,-1.088653441307982535e-02,-2.877865155338475982e-04,-2.050252855767434692e-04,-3.912750599311677971e-03,-8.578649211372248520e-03,7.110846908164950020e-03,-9.725450813316149521e-04,-8.975211454514303230e-03,-1.676771490875279824e-02,-7.424177090237654708e-04,3.976112971619312638e-04,-1.430089803471691363e-03,-2.433422072809469146e-03,4.776079360787581908e-04,1.326966975430750773e-04,-1.766353840082901918e-04,-1.421217529595952172e-03,-1.872471468461354462e-03,-4.171600683035716446e-04,-1.574352640791303211e-04,-6.579980317062997740e-05,-6.121907892879293722e-04,2.571807515186133944e-03,-6.383947819674929823e-05,1.216355950724480172e-03,-2.007097815123945180e-04,-1.559661391704257735e-03,-1.492127751925375961e-04,1.744272069357711034e-03,6.568179080434164699e-04,-4.700739759256363485e-05,4.036841299574818616e-04,-2.567434525733640598e-03,7.716076840696519984e-05,-2.106126234885993299e-03,-1.865368083865126276e-03,-6.753555650589215158e-04,-1.074134767371138230e-03,-2.399028547759832111e-04,1.761623412469334325e-04,-2.997210607723164045e-04,-1.847224777302576538e-04,-1.679759986644453057e-04,8.055624995977964651e-05,1.176791709258468094e-03,1.451693793422106004e-03,1.126904766693299529e-03,1.272893555850718086e-03,1.536059434490281419e-03,5.375379479544689773e-04,6.095179313062392247e-04,-1.899427254830076989e-04,-5.138737533749011778e-04,-6.258712371661858450e-04,6.252814947710148136e-05,5.259975202842705807e-04,-7.362079512560358628e-05,-1.257469598468673264e-03,-1.377165461194172064e-04,-7.774311332116143509e-04,-1.182172134917168580e-03,3.277092568080231460e-05,9.003495137861094099e-05,-1.087591884972014157e-04,-9.485433589481238707e-04,-9.810463116646194175e-04,-3.207268266327530982e-04,-1.469650236871315610e-03,-1.324099621696452804e-03,1.303835712558479385e-04,1.995020488021413934e-04,-7.117685047718508295e-04,-5.399916820001572767e-04,-5.634323357437624313e-04,-4.247244622474498658e-04,-2.750700393101364522e-04,-1.018359486702358766e-04,3.324095209201828930e-04,-3.054584183467520445e-05,-6.766058235539044790e-04,-3.964162586010040417e-06,2.182581070814960781e-04,-6.363462913824183926e-04,-3.630992580955669734e-04,-3.517125185767959895e-04,-3.397203398646375249e-04,-5.935819921714624277e-04,6.437171032037094706e-05,8.101607374742931763e-05,4.110527166056210011e-04,7.068264839998404282e-06,-7.111735884071692369e-05,-1.035905066860724419e-04,-1.438406657731784819e-04,-9.735028548156409649e-05,-9.575380812360670467e-05,-1.065146588511248519e-04,-5.178026717717101451e-05,1.413516726744842118e-04,-4.345872815390966877e-05,1.826769053826649415e-04,4.613839545232862552e-04,-2.124787724391633264e-04,-2.201321910284059834e-04,-1.853963902576975483e-04,-1.285987173456170751e-04,-1.261091330061969121e-05,8.237178530201815776e-05,7.226232946259740352e-06,9.627275293407605149e-06,-1.172410269428705534e-04,-4.266405812215864793e-04,5.970913191715953553e-05,2.875565362070516971e-04,5.223539342062192507e-04,1.336115595500541101e-04,9.910007977741520696e-05,4.383672182680372698e-04,1.972745076020355679e-04,-2.067980728462451097e-05,1.391794183081111486e-04,2.802995431340363566e-05,-4.508768267801534522e-05,-3.325214266095695122e-04,-1.450873725072927580e-05,4.532553126825129890e-05,-1.543073707822035633e-04,2.215692945738918557e-04,9.664496252053449902e-05,-1.767968534542763728e-05,-8.492949239079202524e-05,3.425855657850755562e-05,-2.593841773548200683e-05,6.434134425504706221e-05,1.526093631298577216e-05,-4.528786120498230240e-05,-1.173312891837645492e-05,-9.485031562949167421e-05,-5.144012623965314609e-05,-6.162596437469402720e-05,7.403078220678445951e-05,-7.454413100960464874e-06,-4.889418003033804575e-05,-1.381848561071436728e-05,3.356038653558144632e-05,-2.663093566827105696e-05,-3.692384172248743099e-05,-3.058880439894401247e-05,-1.219034441105058253e-05,2.764021010181496023e-05,-4.962066676171925122e-05,-5.579212287325715255e-05,-3.540946030146600984e-05,9.729275348575137515e-05,1.691535338007482442e-04,2.300015650189022326e-05,2.425509813488244346e-05,1.376301125551578704e-04,1.818908630100614257e-04,7.926315531881078101e-06,1.144073359179004744e-04,1.500448496052562400e-04,6.419864708998937746e-05,1.079637082185752389e-04,1.667152141622657129e-05,7.533601538830758345e-05,-3.465847358515277018e-04,1.054843706617071737e-04,-1.388939342241765748e-04,-1.156574603330271569e-04,-8.068797572422860850e-05,3.301591988098335467e-06,4.837010963730967411e-05,-5.886162340301381949e-05,-5.338022067053367219e-05,1.273353380677180930e-04,2.294060255463120331e-04,-1.011020998125470845e-04,1.670206803939980702e-04,8.630224171807472958e-05,2.353399151497994376e-04,3.986582818312505068e-05,8.734628550243222925e-05,1.613253933879972308e-04,-2.373876596436125014e-04,-1.657654746787557841e-04,-1.070570403045512157e-04,7.982849306625684565e-05,2.288105042466833348e-04,3.161817676395820139e-04,9.706421728166156674e-05,9.730281527828518761e-05,2.735086274129045055e-04,2.768164003171683240e-05,-1.755567399272237646e-04,8.677178748776819103e-05,1.159539495391377129e-05,4.376079531128882551e-05,1.526636979193822107e-04,1.077325704309397794e-04,-5.225953335597424286e-05,4.531043122214233613e-05,5.885351115186059160e-05,-4.924625554221268284e-06,5.192023089113676707e-05,1.767250849867066094e-04,4.280129084508093505e-05,-5.032267859580246517e-05,1.332636424123333186e-04,8.782696798695020758e-05,-3.304267767690535491e-05,1.201105837509811984e-05,-3.935569154469028506e-05,4.172885147655752653e-05,1.484058204142339168e-04,2.104758916007018721e-05,-9.079477797347385880e-06,1.252578993336631605e-04,1.601239336602242188e-04,1.384500307615717067e-04,8.255003302484571694e-05,1.111839279128257283e-04,1.630717753153861766e-04,7.606953323186098933e-05,7.559665420084322280e-05,6.048763153703691156e-05,2.260161944409422010e-05,2.289039230816621739e-05,-1.768234540979683858e-05,-5.310501884803535638e-05,-5.722284039266007960e-05,-1.492517657148001442e-04,6.535577846837897916e-05,-1.175255500234354314e-04,-1.347047947262152595e-04,5.287462507268827328e-05,5.315648785490290263e-05,-3.151615873950615733e-04,-2.479793081141929106e-04,1.440979038571370708e-04,1.829707761345306051e-04,-1.621059855533971464e-05,7.574365424376447995e-05,6.200678507888558407e-05,-5.680805672953299971e-05,1.284715786444046734e-05,9.019519270320944108e-05,-4.908623154801520838e-06,3.277246817403909143e-05,4.050005781409884032e-05,-1.641047510580617849e-05,-2.517559253927646661e-05,-3.550468244912499335e-05,6.481354293537393708e-05,-1.279968942783023830e-05,-2.878785657029329947e-05,1.108637615929358505e-04,9.327621795097545661e-05,-3.530569564498906308e-05,-2.560389686513856076e-05,1.730168742392653835e-04,6.159539306086255362e-05,-1.915821960553608597e-05,1.427224614993581988e-04,1.008981680401638780e-04,-5.467421055484777991e-05,-3.252302775174365906e-05,-1.311182004374834517e-04,-1.530161056174182536e-04,-3.677995125873056699e-05,-9.630771958928716211e-05,-1.179925917057439015e-06,1.954599281330633519e-05,1.951417941344365557e-05,-7.282672280947868990e-05,-6.962150902320798657e-05,9.801196549774011447e-05,1.388855569649489834e-04,6.861065269969121263e-06,4.878426022403862589e-05,-8.210719606872256932e-06,-2.771489616778244811e-05,-8.522950374109222513e-06,-9.643966945747034104e-06,-1.399580720929433982e-05,-7.946006210828224689e-06,1.941317928862409318e-05,2.909184007979789412e-05,-6.623041424688376510e-05,1.336693229988290962e-04,1.285525496306394076e-04,-2.310896814581057880e-04,-2.091993481794471885e-04,3.464396686327524041e-05,9.638318703279374130e-05,9.731058329109041754e-06,-1.726658287991150257e-05,-1.568640966007335644e-04,-7.085828289683007144e-05,6.305524578121153014e-05,-4.483130275391586860e-05,-1.604352718275529573e-04,-1.407600845355534171e-04,-3.149667241864732462e-05,-4.641720358075849249e-05,1.646751567594012002e-04,6.378590755513445108e-05,-6.205509197617662201e-05,-1.445046104812929293e-04,-1.915167456788876698e-04,-1.664599796609472673e-04,-2.150255217840604664e-04,4.364547307609489238e-05,3.716517455570605836e-05,-3.467119019941792256e-05,-9.115569034230587998e-05,-1.878781536637544834e-04,6.060010539709774274e-05,-1.536854298649402369e-05,-2.090719547565299849e-04,-3.631044561785385863e-05,1.035211332501392623e-04,9.463527122777490384e-05,-1.839934622087374010e-04,-1.018653333014081622e-04,6.956757433675178875e-05,-1.555478885905153439e-05,-1.163620523579590954e-04,1.781368446690791978e-05,2.001011535852990559e-06,1.279552276955400321e-05,-3.725984333731903605e-05,-3.311604189536408976e-05,9.462130655803294719e-05,-5.411019992872117705e-05,-1.287360117328884598e-04,-4.948516279097016194e-05,3.137677701725935807e-05,5.843771706987388004e-05,5.451496362891739727e-06,1.279927842222203693e-04,-7.270738870677183656e-06,-1.683737965516255309e-04,-8.907268714612013205e-05,5.030979644708393183e-05,1.160270985818369166e-05,-1.193379974104469348e-05,1.259786699811810541e-04,1.515956632683904885e-04,3.699265339466646418e-05,-3.213928216599341582e-05,-5.397761841874197143e-05,-5.542178939695832487e-06,1.697533865290193756e-05,-8.548197872548257985e-05,-1.177794079872975495e-04,3.687113170210402929e-05,-6.906615308075776541e-05,-9.828703750405399652e-05,-1.314078756346091163e-04,-6.057077905322396109e-05,5.785905039936269176e-05,1.641038247936304521e-05,-2.167934288681948324e-05,4.915745045590633059e-05,3.119350860633127680e-05,-3.701378547694487270e-05,-9.537186465330650599e-06,2.694289855813376350e-05,6.880944596507159155e-05,-1.020290841970324927e-04,-5.689210211465600177e-05,6.975600000017116937e-05,-1.149504718257895242e-05,-1.770708936642604149e-05,9.240268698609943707e-05,1.888606660743234001e-05,7.903213643097263725e-05,1.619179392578222367e-04,1.340389358842538051e-05,-1.823953441915771335e-05,6.121022251716706449e-05,-5.904825006444225816e-05,-4.820976764112319869e-05,1.187022284530262070e-04,5.433121863831587219e-05,-2.038844887102262196e-05,-1.248515832580209429e-04,4.955393586264194412e-05,5.154632080066757615e-05,1.761498980548903710e-05,2.349494330738373198e-05,5.032595828958089053e-05,8.707282121420579103e-05,9.269378933729077949e-06,2.472188854030685879e-05,9.851281083166542210e-05,-3.873086157131262216e-05,3.071661678449805015e-05,1.645026828132965368e-04,1.983941458753953185e-05,6.572211911391766855e-05,-7.759490723638131911e-05,1.486306050242867080e-05,9.832401010181829662e-05,2.308390103471869847e-05,2.841784329669177730e-05,1.076792807110855715e-05,-9.821107447039411058e-06,1.206982272968153098e-04,-6.221890841516099853e-05,-1.087390181749189980e-04,2.422959233167961719e-05,-3.309724719433077185e-05,4.164525552223876954e-05,1.945480213563008777e-05,4.738103693333263922e-05,-1.193386176928852728e-05,3.168941746398754695e-05,4.685037044126037645e-05,-7.667480441942319447e-05,2.606697227638089405e-05,8.714570729508454121e-05,7.086016079861679493e-05,-6.551162935985365083e-05,-2.328106538153032506e-05,-4.441554011191429385e-05,5.168147738166149947e-05,-3.013011311765190429e-05,2.465427923559669295e-05,1.743790418560644572e-05,3.183184247724393165e-06,6.128513716694740376e-05,4.352010157666278133e-05,-1.860182516822513136e-05,6.869204402583348098e-06,-4.148603965856302302e-06,3.008275609472751868e-05,2.342388298510886735e-05,2.868091427208134165e-05,3.620794979696757761e-05,6.993672640579662250e-06,-1.513532905624656378e-05,-3.102762757637601837e-05,2.304243818689331234e-05,-2.105451036889015380e-05,-1.537949760316438514e-05,3.074321590179369510e-06,1.283293969485064785e-05,2.011872829245576460e-05,2.076562163374436650e-05
1.000000000000000000e+00,1.061293955367258041e-01,-1.898618141889971134e-01,-5.480540480923831032e-02,-2.694845759379173658e-02,-2.550693839161709622e-02,-1.998257571410456609e-02,-2.732556611229386770e-02,3.354027260030304890e-03,-1.795353571221643130e-02,-1.373284607609639475e-03,-5.776535389992084810e-03,5.671932041995491475e-03,-1.171127510019497227e-02,-1.589101939020354237e-02,-4.007371407477447532e-04,-1.493109789294370970e-04,-8.452967903552783407e-04,2.696902465155387235e-04,-1.579556678517261866e-05,-3.166361764177245811e-04,-7.184695773842664918e-04,-1.157220002228792518e-04,2.431987398997234378e-04,-1.218301127157010076e-04,-4.818159853808356237e-05,1.466911902685309201e-04,1.718241499483074059e-04,-1.796057741858152537e-04,-9.124940850135364074e-05,5.170484997404115827e-04,2.644273743929125269e-04,-8.230058692617016260e-05,5.296327222366126793e-04,5.425947618454547532e-04,-2.649085813797895307e-04,-1.342734219333120672e-04,2.151520740146056993e-04,8.162061130355392736e-05,-1.777901193132116174e-04,8.409410240115160261e-05,3.250443687032804585e-05,-3.524195749449712182e-04,-2.416489194396317854e-04,-5.703544488775537060e-05,7.909674560634076044e-06,9.250152413428923458e-05,-3.617539368813616656e-05,2.818333505844372914e-04,1.352271694881072763e-04,-4.403624084751847303e-05,-5.661327032767825198e-04,2.554225333818580445e-05,2.017744582909244933e-04,-3.213344009731916042e-04,-1.609306945119938601e-04,3.481302641886260834e-05,4.002325530277696554e-05,1.915821742279561011e-04,-2.748348907486022159e-04,4.135652764513527107e-04,-1.233297650663490162e-04,-7.302264878488723540e-04,-1.186587560369708360e-04,8.454701343674763411e-05,3.068625213708064763e-04,-2.423324655926674712e-04,-3.330824936708362593e-04,7.641251370136698797e-04,-2.595142747524375126e-04,-4.011563483599163318e-04,4.446187654417168775e-04,2.959226423656081918e-04,-5.003397171208917842e-04,-4.099972470467687824e-04,1.044141329906751389e-03,2.408685197790162269e-04,-3.392264521363850074e-04,6.406940837039546040e-04,-3.910913658886795295e-04,-8.557107921219449459e-04,5.982767619543566135e-04,9.539639188590905139e-05,6.276235049652687144e-04,-5.740348317653798382e-05,-6.466602487042560476e-04,4.468812843829552198e-04,7.086942555159063406e-04,-1.894813012708980373e-04,-5.674447789033231979e-04,3.847992820452547321e-04,1.961612907091283815e-04,2.880562825777525059e-04,-2.538852698460067315e-06,-1.887855387836882669e-05,-7.599334857329489832e-06,-1.705497507711894829e-05,-3.721389314364024743e-06,-1.631500235616395904e-06,-1.150107196100061508e-05,-3.477078080550818142e-05,1.005562503214760828e-05,1.869282892195071251e-05,-8.698957984569706851e-06,3.789650728013075962e-07,1.472791803319795725e-06,-4.215376346670351057e-06,-1.723704243406017309e-05,9.356843607331997352e-06,-6.552131759119198317e-07,3.044802123923714654e-06,1.559643282074639053e-05,1.428165105357293837e-05,4.584395704712591219e-06,5.408872489756929443e-06,-4.375241466398789377e-07,3.279517706441163734e-06,3.980169199679894921e-06,1.593041746214883216e-05,1.686502920668327412e-05,-1.328594250685052692e-05,-1.851090758374303696e-05,-4.260792421804204705e-06,2.068196940315369795e-05,-1.137321631288520755e-05,-2.738313655597519175e-05,-1.456098791999488585e-05,-8.661078102116817219e-06,-7.055046859904759138e-06,1.274765661901309536e-05,-1.761652200941135258e-05,-6.581111207246903405e-06,1.189609452912786499e-05,1.840884904951098976e-05,2.038074510892487538e-05,1.258967812661175245e-08,1.958919968109983258e-05,2.070426385982960905e-05,1.023397967340104049e-05,1.287104849105012818e-05,1.216536852347612503e-07,1.891994180555973486e-06,-3.095334698802633716e-06,1.371088847567007432e-06,-9.788321468075506107e-07,1.970927034465533363e-05,-8.209084975358830387e-06,-1.122657425623639843e-05,-7.874210341111396755e-06,-1.286242220739090365e-05,-7.461686913447099062e-06,-1.246805283127944951e-05,-1.171253177658535922e-05,1.105394600457750004e-05,-1.433576718656456208e-05,-1.793466464826434467e-05,2.448517105031842130e-06,2.846702078326144778e-05,2.193060349848892639e-05,1.983399424342172134e-05,-7.078442802258407630e-06,1.692729543187598343e-05,5.681687272090152841e-06,-4.281926180578396582e-06,-5.144647473930343288e-06,-1.608267140454497021e-05,-2.830197853895349917e-05,-1.003938725714370444e-06,2.244706076696888199e-06,9.804075712164709220e-07,-6.225078810157062903e-07,-9.230327824014597431e-06,1.972286366191289641e-05,-6.165839890168110602e-06,1.079999334396082085e-05,-2.278961075863948250e-06,-6.851408872453392334e-06,-1.178184668272495617e-05,1.634681068999515111e-05,9.122002384937165977e-06,-1.142642295729339923e-05,2.564188411366778336e-06,-8.233318402648789184e-06,2.242160027930822219e-05,2.901833328681146296e-07,-1.018584294890970947e-05,-1.644427399201520672e-05,2.528030580444590218e-05,6.530813464509611376e-06,-2.363422955860289824e-05,-2.273775008566923512e-05,-2.247451063022387372e-05,2.873113739979673265e-06,6.376450087332299235e-06,1.546672811906556682e-05,-1.329870550967355532e-06,-1.589116816443202293e-05,9.012007086495681080e-06,1.560441701605378060e-05,-9.922205149935329772e-06,-9.583160531637133179e-06,-3.445427513480137913e-06,3.926456327294484649e-06,-7.610169101923292209e-06,-5.979550389529907862e-06,2.991760443020743482e-05,-2.372330549687214321e-05,-2.310643228247163087e-05,4.700013615414662274e-06,-1.233467900849542864e-05,-3.412296622241023050e-05,1.189686045765885568e-05,1.060131837979729719e-05,-2.080481927552129456e-05,-1.730712223904240052e-05,2.895771707672339013e-07,-4.994984736260930337e-06,2.560883935541127861e-05,-9.082068152279820222e-06,1.186926031062094824e-05,9.120897675798549976e-06,-1.655464746937215155e-05,3.658134026879213152e-06,5.692268961123501372e-05,-9.644199508147912536e-07,-2.795251886317441336e-05,6.495486576484547221e-06,1.324316427014017621e-05,-4.084069609058777411e-05,-6.109486037012467240e-06,1.304979036453287114e-05,-1.267470686503825771e-05,2.041165314224042461e-05,2.479059202369673356e-05,3.328900340359674303e-07,5.127076541697910185e-06,-9.789867096253699214e-06,1.449206339284639164e-05,-7.758998943199946189e-06,-1.786376291183745194e-05,1.184409610604863143e-05,2.221043943756087621e-05,-1.434423528774466438e-05,2.102579114177889029e-06,1.172494303403392219e-05,1.341808037189215986e-05,1.183994052402049477e-05,6.587952828794698013e-06,-4.921321568965765045e-06,-1.870136586626781303e-05,-2.601086621902654413e-05,-2.108279670496286289e-06,2.927258553932114668e-06,-1.053063825076973957e-05,-1.677237662506404325e-05,-5.375740240539835601e-06,-5.964375561967723059e-07,-1.098768705671913469e-05,-1.325625210558027457e-06,-1.386263105685216348e-05,-1.814385586929866969e-05,1.353026015463037797e-05,-7.736915901597289907e-06,-1.984284757516783395e-05,1.610859145104408450e-05,2.601343436694810704e-05,-1.907295091346125041e-05,6.993720667020777888e-06,5.462088605243826730e-06,-1.108335254104308745e-06,3.535040222679133269e-06,2.312965217198637755e-06,-3.616918887660058358e-05,1.810007677392336931e-05,3.001149484977976581e-05,1.046384470548504785e-05,5.353884382790739127e-06,-1.742668185715306149e-05,-1.108934345036440769e-05,1.533280270377184452e-05,-1.037974267809655406e-05,-1.983306629557638064e-05,-1.508167931109838539e-05,1.470517149058807630e-05,3.982898752008559416e-05,1.197332737109688751e-05,1.094082120928865241e-05,1.568633351964749252e-05,1.728920817927920124e-05,-2.192711334921422281e-05,-1.916093372416400987e-05,-1.173982287068585865e-05,3.368400438430606894e-06,-1.075202394986447768e-05,-2.486363726816488464e-06,8.507100886495638233e-06,-5.133980916690859248e-07,-5.026724566250137348e-06,-6.059428620602896042e-06,5.968602472179457890e-06,8.638919161229087620e-06,-1.124823460288886461e-05,-9.646525691569924433e-06,1.396839308972095652e-06,-1.470943036843786371e-05,1.610708430112162210e-05,-1.363727362107035095e-05,-8.790448651791999654e-06,5.480958521467737847e-06,-2.843781434526436885e-06,-3.548950043697218792e-05,-1.532929275138522168e-05,-4.638430213684901249e-06,-1.421324788129428643e-05,-3.458809257073230490e-06,-7.246130314784829835e-06,-6.220628391761490631e-06,2.161387287641271186e-05,1.207425746904519211e-05,1.218747025831891901e-05,-2.428804583565871608e-05,-1.267476013781486761e-05,-1.199780657232890570e-05,1.898224907503518274e-05,2.084656963546856220e-05,-1.421377271371340480e-05,1.478580205113208789e-05,-1.542451600997131071e-05,5.748248170778262671e-06,1.019325865107863041e-05,-1.379988483395432083e-05,-7.961517948108390801e-06,-1.856526072921563182e-05,-1.543270961033646604e-06,-3.268884325015322348e-06,-1.994500401503767973e-06,-1.615212198509354582e-05,4.003772135329827781e-06,-1.000435216001169031e-05,-1.476492460697677169e-05,1.204031949502778674e-05,3.015682635935827487e-05,-2.311138021276278973e-05,-7.865426425130712156e-06,2.262763387950081814e-05,1.073928842583642690e-05,3.948921121039874357e-06,-5.153452982119261171e-06,2.307304409584630743e-06,1.980464349820445862e-05,7.271762013117108807e-06,-2.376322672911050185e-05,1.780297881101448591e-05,-2.555215036395887216e-05,-2.217538271998252688e-05,4.940531495854329425e-05,5.240826163719922111e-06,-4.088593850454763483e-05,-9.495075337764423252e-06,3.547819322945495340e-05,-2.123646524071193034e-05,-5.919820077386006824e-06,4.103534466079564066e-05,-2.975885322549586649e-05,1.899491198368536229e-06,1.475900484663955102e-05,-7.791241610898423284e-06,4.303381561896730577e-06,1.185558824822328908e-05,2.360181828344834498e-05,6.531546604341896512e-06,-1.900271210071684529e-05,-3.267366127376202287e-05,4.365571048598825061e-07,-8.338549881996080965e-06,3.274356919775885360e-05,8.944999186372458306e-06,-3.837201901485708989e-05,3.118796093772962770e-05,2.953144379001331927e-05,3.063906800947387403e-06,4.212626122440971081e-06,1.994009138665796141e-05,1.498906109989707206e-05,-1.583136237697338025e-05,8.647584504718768781e-07,-2.409489157227071325e-05,5.189822037385380567e-05,3.603893521873176477e-05,-5.561407361394035557e-05,-3.349804626461701885e-05,1.865084677200928862e-06,-4.193492439632521467e-05,4.689779842716701420e-05,2.677646496740971393e-05,3.430322653786620435e-05,2.818751611232148279e-05,-1.228684812871864555e-05,4.992741088421902493e-06,2.037423523961660285e-05,5.290870716427834964e-07,1.215233572464093129e-05,5.448125259926494613e-06,-5.502344409355211860e-05,-4.132666018039823381e-07,3.499744401499623559e-05,1.946203452289071512e-05,2.463218640621759711e-05,-3.358775367996536334e-05,-2.683707981433049270e-05,-1.235298858746782300e-06,-3.496278874631735922e-05,8.981018376985397118e-05,-5.048348381652276515e-05,-7.081299448545969293e-05,3.272040157385826443e-05,3.060482952104842940e-05,4.593214680850944096e-05,-3.159748694436316404e-05,-9.502617620637168089e-07,-1.539045122032640239e-05,3.927268858218348636e-05,1.208984434896522178e-06,-4.703843764323675437e-07,2.197571871733808765e-05,-6.346270188685952245e-06,-8.586827528295951203e-06,-3.076319684769312089e-06,-1.819898015999381388e-06,1.895992846366026976e-05,8.546050759556492816e-07,-5.888998842535637230e-05,7.384142529880615520e-05,7.094420144434200538e-05,-1.568391599291202608e-05,-4.713023076869455647e-05,-2.286449637130491902e-05,-2.100046514305567655e-05,4.194330346510604572e-06,2.466873959141489025e-05,6.342133073252939103e-06,-1.644337744069082174e-05,-2.268750690903582570e-05,1.851051600794929798e-05,1.609859714689031626e-05,-3.610251954516695993e-06,-1.241096141638662486e-05,7.689909797251776011e-06,-2.236617740548329109e-05,-1.524162501623017782e-05,1.904394437032142838e-05,1.675090043444411598e-05,4.686389372728557307e-06,5.937367222221014615e-06,2.235739770835230066e-05,2.158156940108690435e-05,4.353897995056433963e-06
1.000000000000000000e+00,1.132460957165514898e-01,-1.545046127656454493e-01,-1.077067363519494808e-01,-1.708560670866395709e-02,-5.406765028703456460e-02,-4.399402074524612349e-02,-2.352636443694267054e-02,1.899146024671947638e-03,3.721520810955548670e-03,-7.526090332102026471e-03,4.538899140678460085e-03,-6.508999517618938718e-03,3.945819433294269103e-03,-2.487955191830791904e-02,1.887260918065616130e-03,3.150355963065513731e-05,2.591373450335143422e-03,-3.447288806938142458e-04,1.714741614001694635e-03,6.377775423353869563e-04,-9.038415603525026343e-04,-9.254183135000283549e-04,1.253081348753529601e-03,1.306012735770386082e-03,9.714240268171948423e-05,5.378904704279241153e-04,2.038593308729976482e-03,5.915198380745472460e-04,-9.800177167566190284e-04,1.129960780002449731e-03,4.919052311845755528e-04,-2.045209088497445572e-03,1.399261289531842246e-03,2.890673278468712352e-03,1.432122915089361140e-03,3.150142428993716400e-04,-2.716713780720674356e-04,4.205238407384916414e-04,5.049155853885525054e-04,-1.340496448385992447e-03,7.932542918224237205e-04,1.348110942114138676e-03,-6.395231423996572742e-05,-2.823733565584612927e-04,2.920131903589970497e-04,3.871510138858690243e-05,-6.636574273278191861e-04,8.376391958758814269e-04,1.667244400153325423e-03,1.176738399589678926e-03,1.100957913258416139e-04,-1.415151094678743162e-04,-1.076722519607969941e-03,-2.313306492652668443e-04,-8.397812670594048115e-04,-1.488053169994917697e-03,7.089101649685436955e-04,-3.475456656853104166e-04,-9.978913064087786573e-04,9.382350965142396797e-04,-1.525098263391712642e-03,-1.506957307245941537e-03,-1.171791697822034900e-03,-6.577139824136122486e-04,1.660229618783958146e-03,-3.880589532184683952e-04,-1.646817421953150227e-03,1.221467345110683472e-03,-8.849830779793620020e-04,-1.115248239919842997e-03,-7.257970019842835364e-04,9.488603953704908417e-04,-9.512135777519246591e-04,-4.186613636015127987e-04,1.193638708835920419e-03,1.818025662077685451e-03,1.444394846150063531e-03,1.279519533175052515e-03,-9.584938373533928276e-04,5.159905655083681314e-04,1.705427281962054861e-03,4.772164488761841401e-04,1.141595345777082743e-04,-6.860005948469802446e-04,-1.514342210384651063e-04,2.749212125143395331e-04,-8.904640444642335012e-04,-1.280967877240717610e-03,3.564294999412461287e-04,-1.328536619804879032e-03,-1.550398934100972927e-03,-5.364757534711248098e-04,1.300618449792331766e-04,-3.489942380796057664e-04,2.679145028507890131e-04,3.292036727069018193e-04,3.195189575205006319e-04,3.832380860642347785e-04,-2.849647066849902207e-04,-3.486732299934129056e-04,-3.971429215153538385e-04,-4.351698774116756572e-04,2.577932614452857528e-04,9.138488029370176108e-05,1.187983479325254523e-04,-3.007382895753545190e-04,-3.949200439510813879e-05,-1.981774684168035650e-04,-3.329222930566904412e-04,-4.734338462681759703e-04,-3.572334138782203646e-04,-4.792437647262480570e-04,-1.739042269789570604e-05,3.389762304395944914e-04,3.773635442355091152e-05,3.668688010920593450e-04,3.797143990514494538e-04,-1.141953166490547689e-04,3.038744881051799024e-04,6.986283976570831179e-04,-3.580344403054468551e-04,-1.211580128095679623e-04,2.310522614442849865e-04,-1.685367747152633497e-04,5.055761896697962389e-05,4.634192204892490538e-04,-5.698582355195817200e-04,3.101760038518222963e-04,-3.982027213675113047e-05,-1.063886125480115012e-03,1.910529556499723910e-04,2.374579657271563382e-04,-4.397652676225447866e-04,2.113188663203548884e-04,2.127869326083404533e-04,4.628118519663078161e-04,6.024361618323097363e-04,5.310990028496872205e-04,-2.054350944856698721e-04,-2.885132062850482410e-05,3.809756158989795801e-04,2.083949946824612860e-05,3.062474506684075373e-04,2.454309550984422696e-04,3.171637609115289611e-05,-2.506567841144187198e-04,5.993083773912284045e-05,3.603884822953234762e-04,1.402146574165498785e-04,-1.916899602816406775e-04,-2.288006706400820469e-04,-7.048591894295330761e-05,-5.872296798109027997e-05,1.064670635202077389e-04,4.620718969129095446e-05,2.346971787530706605e-05,2.126961939819704448e-04,2.033070092941062664e-04,1.941627600307662706e-04,-2.670797066816899814e-05,1.274094488292364850e-04,1.314575845290417045e-04,-1.312601843750044813e-04,-1.968602847151007345e-04,-2.649212153509017162e-05,-2.253568038129188293e-04,-2.807069172779298608e-04,7.664525952264699665e-06,2.164572641622954362e-05,7.228462031325727716e-05,-3.741037418684756605e-05,1.293012930370976399e-04,-2.457391796137233897e-04,3.975294623330447139e-04,1.918255277470308777e-04,-3.181820077297146249e-04,1.221784450777700442e-04,2.502404468730682697e-04,1.586820412380067122e-04,3.862285794002440534e-04,1.274619146566380521e-05,2.933606003377089576e-04,-2.123343979064601990e-04,3.033567779621957629e-04,-5.288256722372805096e-04,-2.302280169873560938e-04,8.982479081313786027e-04,-1.508155978957790818e-04,-4.091118548133702956e-04,-3.261013744756146481e-05,-2.104928892618298120e-04,4.679575887323062519e-04,-6.144195989789895092e-04,-5.589294824974136607e-04,5.326273401752340455e-05,-3.834882735631339225e-04,-7.264048284223118619e-05,-1.271176775829032475e-04,-2.395907028188009886e-04,4.056182268303472078e-04,1.138336753299738470e-04,4.669598606122753182e-04,-4.050636440662494378e-04,-3.532097173230607586e-04,3.339691585016709764e-05,-2.017798489327978320e-04,-6.138896007505940770e-04,-4.053282351053915278e-04,7.211862198308189025e-05,-6.523155753280449618e-04,-6.189986300335860643e-05,3.655568217578580577e-04,-1.021709891056401718e-04,-2.384025211381522161e-04,-2.124641679362201778e-04,5.340424510605471764e-06,4.864758477480298632e-05,2.167088589897531875e-04,9.483032732685423201e-05,2.870294072630447934e-05,1.155228304352055554e-04,5.535978893217280813e-05,3.715119038119776666e-04,-1.952762294984687369e-04,-4.147404758360496838e-04,1.335558559461539963e-05,1.899482935582327131e-04,-1.366493376098782038e-04,-1.917081748324069490e-04,1.357242519194101001e-04,-5.059057266087429566e-05,5.754096051529524538e-05,3.938667499785201368e-04,-1.076632499721942186e-04,-3.488925411286568910e-05,-6.673493069147331267e-05,2.551256558769779263e-04,3.338021866624362810e-04,2.120644641353053924e-04,6.389493506352708022e-04,4.395283839408141565e-05,-1.318290580792708317e-04,2.176036340971333044e-04,1.514236282356791398e-04,3.335688815440031752e-04,1.815601629223513266e-04,4.338273800811428204e-05,-2.586583145628371929e-04,-1.660349846865321992e-04,-2.862182338374396218e-04,-1.932525548223069521e-04,9.804343395608915829e-05,-2.729618966699505202e-05,-1.603168922218104863e-04,-5.132728505681698260e-05,-4.593176335455842875e-05,7.832695954199336928e-05,-3.860165500700700499e-07,-4.106998272889732671e-04,1.507622719560084172e-04,5.340559094520414213e-05,-1.531947003129975583e-04,1.496465192778022324e-04,-8.241042661199433927e-05,-2.034693318327361069e-04,-1.673443350697781189e-05,1.765865935051317930e-04,-5.932224842231555772e-06,7.995249964745951103e-05,1.234245355349200828e-04,6.296150261316938227e-05,3.831704118568259390e-04,1.707987126780687406e-04,9.572713077291814280e-05,1.002904476984275826e-04,-1.216855724174515612e-05,-1.523329246984871652e-04,-3.158192786982028143e-04,9.410709505310138850e-05,-1.950700745217564560e-04,-7.785722986693039143e-05,-1.274123533875309139e-04,-2.996721024146156199e-05,-2.855749256591271217e-04,-1.170239528460351137e-04,1.002441449583992721e-04,1.984978954960653829e-04,2.126919619884166739e-05,1.955676897475986157e-04,1.237627060348201250e-04,3.503323755076844556e-05,2.397401988269195876e-04,-2.219775544783542554e-04,4.042363024252056841e-06,-1.263948465391175828e-04,1.966999310277509831e-04,6.748345822559127793e-05,2.721866527293718201e-05,9.059834461217750089e-05,-3.019473736937818118e-04,1.248741165930177086e-04,-1.023168008495375315e-05,-1.189502333326873776e-04,3.237346200247836862e-04,2.634875154952732242e-04,9.230200652523793553e-05,6.183020130570975482e-05,-2.894470036976987926e-05,-1.869150045235826890e-04,2.030037469732115778e-04,4.764703180409896456e-04,-1.708972732987545045e-05,2.007128617672909623e-04,1.819589156665764925e-04,-1.860313022602636879e-04,4.393388522125185993e-04,-7.704726099990589808e-06,-5.475664367140351419e-04,1.308113770394761293e-04,1.912826730079483372e-04,1.794274175099865596e-04,-8.678437727819333393e-05,-1.464290279419644468e-04,-2.609733165326797973e-04,6.231619194634452471e-05,3.707662507671174328e-04,-1.400077936711794941e-04,-4.511246687437245806e-04,1.143600751597973137e-04,9.663387307411720165e-05,2.074088805624699900e-04,5.879052806959479335e-04,1.932309098159948866e-04,2.185635877849266486e-04,4.464369727684407835e-05,-1.045976598788072107e-04,4.762247858847142381e-05,7.102808140262832930e-05,-1.713853242547000216e-04,3.041392342347576578e-04,1.692303401789885253e-04,-1.905930038824746873e-04,4.523957141068253568e-05,9.622896505944502024e-06,1.524474106885461040e-04,7.066952243479844944e-05,1.232366959739750493e-04,3.493173416208532724e-04,1.321652363071592034e-04,-1.090699435937974942e-04,-1.856606702215210579e-04,2.241271009022108393e-04,-6.037055328006075148e-04,7.534710062150138787e-05,6.290721077327573367e-04,6.163833205147505609e-05,1.036796626995365036e-04,4.522557872551712219e-05,5.163598635996519247e-06,-9.959508919487443867e-05,1.371239748555767510e-04,-1.660870006173517549e-05,-2.093765876439037822e-05,2.665919730681531766e-04,1.783480447386134155e-04,-2.066518440497334237e-04,1.064981697452685639e-04,-2.721174827588656626e-05,1.885232021277406084e-04,6.922172404173302935e-05,1.131855967299858265e-04,-1.258899527071868907e-04,-2.508113652940481583e-05,9.947335777988880587e-05,2.207600980543557800e-04,7.244756362912941814e-06,1.474509141787254288e-04,1.402370189294285059e-04,-7.515268281179559098e-05,2.715971864347051256e-04,-3.902033205089070031e-04,-3.174734355769178243e-04,4.373099974723951918e-05,1.726874733923085433e-04,4.814586528220048795e-04,-1.052901182904919611e-04,4.669551147649885457e-04,-5.706665009588419556e-04,-2.785365597351748402e-04,2.526287654565716298e-04,-5.278491552797707386e-05,1.306718060989626280e-05,4.543709074539892864e-04,-1.677324641817142512e-04,4.031813615751216918e-04,2.047710192987171060e-04,-4.803280662822110290e-05,-1.077585096247196564e-04,6.515584518671630430e-05,7.284272093244122691e-06,7.135183960846192669e-05,1.538165100674314400e-04,-2.862567253818479904e-04,-2.154825751594751087e-04,-1.139413181732457108e-04,-7.119466167060674289e-05,-9.957686288613980252e-05,1.548433296686394954e-04,2.121410295717119959e-04,-9.492248165093579329e-05,-5.203449342969638413e-05,9.992229201823311794e-05,-3.243766900726006508e-04,4.931176716021812593e-04,3.663762215893701883e-04,1.026323297362043130e-04,2.952388272895988268e-04,-2.833888620473561646e-04,-2.446572412793334393e-04,-3.769511071589718440e-04,6.385584685839207776e-05,-1.477648342781633887e-04,-2.764226782570148059e-04,4.251970239342364169e-04,2.118275742810985494e-04,7.585643640865419584e-05,-1.426828742508056606e-04,-4.395546624335386733e-04,4.679611424555572797e-05,4.611610991022254747e-04,-3.659182008686172197e-04,1.513297593239275882e-04,-7.022313038178926978e-06,-1.047155042129058189e-04,-5.781046217203433596e-04,-2.443613036893666369e-04,3.403876039850086733e-05,1.554068531504265217e-04,-3.347038747524852336e-04,-4.150634606466057600e-05,2.919617745219080132e-04,2.908450261766442105e-04,1.218096151644204735e-04,3.255965408725596216e-04,3.434333538543983143e-05,-1.181062067528337227e-04,7.770744689536308858e-05,1.158349100797310608e-04,3.136766431620653097e-04,2.665821855603353908e-05,1.050566777221198164e-04,-9.844670179518180838e-05,1.438221709729529749e-05,1.526788443079233031e-04,1.390860662379568948e-04,9.346741861222800259e-05
1.000000000000000000e+00,6.021810034581012716e-02,1.286015535384570918e-01,-2.257187542641442973e-02,-1.077869691569129963e-02,1.275912140055092230e-02,-1.586959239412524814e-02,2.907880597648985696e-02,-1.121151483040732852e-02,-6.018839419105803668e-03,9.339920112022444959e-03,2.499700643488085919e-02,-1.029355934769589451e-03,2.995659111376926254e-03,1.159856599353175852e-02,-3.104418330683665736e-04,-5.993339715004471083e-04,5.380005162449122934e-03,1.711521391441258016e-03,1.761217155527422247e-04,-2.213986369067822888e-04,-1.126183057893575569e-03,-6.816978312854723044e-04,3.077856128373515393e-04,-1.363562763158256228e-03,-2.546855807739274551e-03,-7.791719776769996317e-04,-5.804952032730305604e-04,-4.721040397949472119e-03,4.917479306276911592e-03,-7.952137143047293159e-04,-1.640820201665954851e-03,-1.652408584079346045e-03,-3.743523863161895920e-04,6.525341354913942243e-04,-5.216778274910635312e-04,-9.722245151763294875e-04,-4.844452258153567168e-04,-6.463074224122798955e-04,4.728782783397701044e-04,2.604546235149502852e-03,1.795462467411895269e-03,2.450598569222133850e-03,1.712701058761612830e-03,2.760673029882669636e-03,2.228925673054406569e-03,1.331337547378229477e-03,1.016605942978342399e-03,-2.663863703668502194e-03,6.914903488151741273e-04,2.070177196428889081e-03,1.974853006774619866e-03,5.467113834930602961e-04,8.033444306206549094e-04,-1.166412197044473971e-03,-2.113327777992292465e-03,-8.916356885877791327e-04,1.190195758531514087e-03,2.129556961202743761e-04,-4.139023884053178457e-04,9.044806415042204450e-04,2.286085870723342153e-03,-4.443337243239288414e-04,-7.665685813380579026e-04,1.420645264776797386e-03,-2.982086427994837274e-04,-4.619060928079154246e-04,2.656495694760006073e-04,1.591022167784152282e-04,5.064113283347082278e-06,-1.594587578608578542e-03,-9.551492691280828555e-04,5.787517212798075708e-05,1.692583927761994887e-04,-9.626837588337680508e-04,8.775905902692592844e-04,1.011923302636310402e-03,-2.447721261452129077e-04,3.593902296674234931e-04,9.606674580577941784e-04,4.305056869903355760e-04,-1.718307346136382712e-04,-3.479266770927681132e-04,3.558728885062701014e-04,5.907998564315094028e-04,8.670910953775768856e-04,8.553442505167048893e-04,3.809141403285880973e-04,1.193985436398781099e-03,6.391840166759531509e-04,-3.308833027055445189e-04,4.752130529336469865e-04,5.756629991945456850e-04,1.450249503843277164e-05,-1.103936235062143222e-04,-2.107896496183816744e-04,-8.960707873716388131e-05,-3.473889196078994889e-05,-1.184586534181716850e-04,5.742273315715707533e-05,9.571013361019322524e-05,-1.404470689025010064e-04,-4.215306159084110485e-05,-4.008398829709628272e-05,-1.064420130746935580e-04,9.816159460986261995e-05,2.448180990978781235e-04,-3.239019008003582163e-04,9.114615838455666127e-05,1.751067111162985641e-04,1.327852543080996811e-04,1.033822514380278087e-04,2.232916345754766931e-04,4.285299039827957808e-05,1.320822743654786940e-05,8.355636130114947786e-05,1.761506800128217131e-04,-2.413976733261059100e-04,3.423870615493711635e-04,3.611683815950929083e-04,-2.247821293497800498e-04,1.139152500721807325e-04,4.423669204310626659e-04,2.569372136102658112e-04,-6.183244075719652837e-05,2.102148873026807557e-05,-7.801253369776833628e-05,2.679510361731669905e-05,-2.527542836582782892e-04,-3.669575858956681397e-04,6.673368587112935414e-05,-1.342917825917495749e-04,2.422991322443338025e-04,1.824190340777823605e-04,-4.779196135873067667e-04,-7.194952499316910745e-05,-1.493599198708744733e-05,2.369552735272252401e-04,-1.732612539729610091e-04,-2.339130378339344325e-05,3.293885077647876929e-05,-1.170419802008882906e-04,1.673250577580751930e-04,7.351910170372469137e-05,4.539627459211161356e-04,8.770765833823571144e-05,1.257598485758669633e-04,2.055357060403585189e-04,7.463975474726298011e-05,2.116132666649941853e-04,2.750409361284631002e-04,2.773039560757882657e-04,1.103493317253584962e-04,1.989671370245425449e-04,5.099399631081729230e-05,1.351396963149839183e-05,-1.660890861720281601e-04,-1.279241531031900282e-04,3.808851322783558135e-05,-2.432093149923088564e-04,-1.656353924637768793e-05,7.614682687326499377e-05,6.185803047061287944e-05,5.838443055709561412e-05,2.447136704651089686e-04,-8.496451157911170757e-07,-7.012955485305019753e-06,4.927754445617512735e-05,-6.923455268350529315e-05,1.259385742609239284e-05,3.368399724715933155e-05,-8.819541750505253508e-05,1.846081903544104892e-04,1.149973310096268504e-04,2.458072106521634709e-05,-3.070818905388211214e-05,5.849730495939897337e-05,1.258066776410421916e-04,-1.688115291545141722e-04,-1.980237883686520423e-04,-9.602382378849965360e-05,-9.445805795413695510e-05,2.355836318768166418e-04,1.308830507076425259e-04,-3.574140128939882761e-05,2.460953895626151250e-04,3.832048964136868224e-04,-1.038569611478228061e-04,1.790695495827303882e-04,-2.443580991339645131e-04,-1.592124782645335738e-04,4.346804471843138899e-04,4.540043694837467113e-05,2.228783356271509387e-04,1.692580466044404789e-04,-4.300929381172544801e-04,1.377535561378419591e-05,1.854815314374937379e-04,-5.294750862895071779e-05,-6.768001701265983811e-05,2.565379145563701361e-05,-1.056099670236706101e-04,-3.343844420182499530e-05,1.932965577076405680e-04,-4.652260247115382296e-05,-3.280064640114173054e-05,2.009340722151288736e-05,6.407796100575555371e-05,9.138273719856868321e-05,2.045223693437677124e-05,1.243536652709686377e-04,4.299137538116863590e-05,-7.936416932938939871e-05,1.937919927889700198e-05,-3.660441368880470273e-06,-1.548838515792364087e-04,-6.224169198787072080e-05,-1.606315311174768765e-04,-7.887287288902721286e-05,-9.268317916666550592e-05,-9.416611138882858688e-05,-1.538039418910706630e-04,-8.042923088321360153e-05,2.101026463682037677e-04,-1.324955509901326947e-04,-1.204225075290732895e-05,2.876501409447839732e-04,1.309099609096560878e-04,-3.320008902653851537e-05,3.266754210312693227e-05,-3.018859523998906628e-05,-1.054581423368256135e-05,-1.052335011005214799e-05,-1.290274561047531513e-04,3.589881561494011612e-05,4.225343666656977535e-05,-7.699776805946143075e-05,-2.409285240032027345e-04,-1.623003145768035316e-04,-2.377290331349170922e-04,-7.903428875708123685e-05,-9.409084260665849379e-05,-1.644915704335776600e-04,-5.791819449214637708e-05,2.634475884319674183e-04,-1.092886889047150947e-05,-2.693834081271497980e-04,-8.960577732443034832e-05,-3.998545114097566217e-05,-1.758117046834284456e-04,-1.112742098781958693e-04,8.484442832812423324e-05,-5.173756907118791436e-05,-3.375368946270287913e-05,8.108145816761783674e-05,-5.920492927665382761e-05,4.625285484164882614e-05,2.904704080457583173e-05,-2.701977049195272251e-04,3.305642489022100812e-06,8.285744888101239411e-05,9.020814911941138644e-05,8.715564032902373004e-06,-6.324784743143486597e-05,3.001867789415566846e-05,-1.500774376976927939e-04,-1.025157754000679117e-05,9.035078550641742248e-06,8.304838159704979806e-05,6.579332501358119156e-05,2.880626447895872093e-05,-5.560512340205098181e-05,1.623374834784184131e-06,-1.107028540961537853e-04,9.450807853553477552e-05,3.000280267450430508e-05,-2.194000670670710198e-04,6.210932096978626961e-05,8.803809732984412158e-05,1.637707954463776426e-04,-5.663455716152805534e-05,-1.430005032094531982e-04,-3.261763827515686551e-05,1.080243447281693174e-05,-5.364893982261174118e-05,-1.294309971238696779e-04,6.587119130745959961e-05,1.640738144586139201e-05,-1.860031058459695906e-04,-1.394048798579800511e-06,4.229478360953982391e-05,2.599040435531763146e-05,-6.266538849075991744e-05,-5.003493061615187071e-05,4.701454886996286761e-05,1.666431720499668130e-04,-9.375626368225683041e-05,-7.539914688274222187e-06,1.319308460911048037e-04,3.763166971500534180e-05,1.397019748415395741e-06,1.424867065677215176e-05,-1.360986382291285877e-04,-1.899638490135845310e-04,1.660860121950757278e-04,-6.563807230745482929e-06,-1.445948956873226827e-04,7.188316544821333272e-05,4.014630963428146955e-05,-1.056069732053891385e-04,-1.906316991475615118e-04,2.558009375510430575e-05,-1.122078527193556618e-04,-1.151411113799137836e-04,5.761574623451275082e-05,-2.993744750989064683e-05,3.367506379526523879e-05,-4.445031842150266925e-05,-7.960006463479604732e-05,2.260590221591078651e-06,-1.260411862345874590e-05,-4.227138179055605434e-05,6.073574569800429340e-06,-3.797968469951146095e-05,-1.872845150041288790e-04,-3.170549146661386097e-05,1.320476683886578613e-04,-5.173230308290873775e-05,-2.209471621317806681e-04,-5.019318800056224656e-05,7.552228057592757626e-05,-1.982016220256686864e-05,-9.496342811945823845e-05,-1.450804873763570323e-04,5.379895129068749466e-05,1.418110829793074680e-04,9.969702615485693056e-05,9.063241179391885174e-06,7.791721954589064250e-05,1.621867124744769061e-05,-5.750221063981471266e-05,4.946236410153316597e-05,2.071560891765708366e-06,-4.411240676998675356e-05,1.025189021300523248e-04,5.305828615986360615e-05,5.006692051272841094e-05,1.238413572907364957e-05,7.911958367227681012e-05,5.877987141659421895e-05,5.330302152023688077e-05,1.608051777045096389e-04,-4.661456750627124930e-05,-2.041243503597051822e-05,1.013162067792736256e-04,9.287587449603735949e-05,3.253579235182624691e-05,-5.666124785243161757e-05,-9.502022530634540698e-05,4.221394163154596092e-05,4.259472136632734139e-05,-4.973979315415087070e-05,1.314556727179233260e-04,-7.127700840274841566e-05,3.816727651106086321e-05,2.213933843743411998e-05,-8.754924373261214825e-05,4.497199383849105018e-05,-9.362345361139613723e-06,-5.556332648829125309e-05,-1.747577081479221111e-05,7.468218882080832793e-05,-2.827090375497018528e-05,5.453447999331101099e-05,8.905671322042177742e-05,-8.175362208181608762e-07,7.796751358390980994e-05,6.130699741213519632e-05,7.699373566811049509e-05,1.192831556257731355e-04,2.661276610154074513e-05,-8.065249368625988162e-05,8.697427071326064392e-05,9.022175936632476014e-05,9.717771733232703714e-05,1.176873476059449097e-04,-5.623630468182558111e-05,1.446897186623662807e-04,-8.461444691736886913e-06,-3.725751687514489071e-05,1.907892254882789470e-04,5.696948851488355727e-05,-3.412759801651194121e-05,1.510991803735476795e-05,5.607676506759970300e-05,7.220663012009746382e-05,5.939516377902335961e-05,-9.489633810159967626e-05,4.340475608738155143e-06,8.463968453579981670e-05,8.760922409998182466e-05,5.424242168026777419e-06,-3.788729895401135871e-05,-1.762624610566057025e-05,-2.971136917755765530e-05,5.059930968328680775e-05,6.894436291143547736e-05,-6.875574857115651964e-05,3.871036547680233259e-05,3.677510907444906399e-05,-5.365177980729097054e-05,-1.237941052844815463e-05,1.032653855265003128e-04,-1.127303024039350769e-05,-3.966036202251170984e-05,1.290968356692984479e-04,-2.557868573556410448e-05,4.047449179093137565e-05,-3.526058272289323838e-05,-2.108303058762214113e-05,-8.441386749828299924e-05,4.886487265426286866e-05,-7.406131583019510750e-05,-8.323050055964219881e-05,5.950787911059041981e-05,-7.078743105711815303e-05,-2.818618201646655634e-05,6.343137356286103370e-05,1.656033024210433740e-04,-8.314947233351552053e-05,-4.708646823320348102e-05,-1.294197479088241792e-05,9.574648501842593918e-06,7.418213312642699868e-05,-3.451024678856491872e-05,1.078014738381694799e-05,-3.695275493771782991e-05,1.548136941899504469e-05,1.197901380234417054e-04,6.953925636564498014e-05,2.799198296704203526e-05,2.192235574726847391e-05,1.047416849348269466e-04,1.368844360004219769e-04,7.577695025284950722e-06,5.218895265790536396e-05,4.104327490333908575e-05,4.403062380993762499e-06,-1.155080030392591242e-05,-6.243774492137881347e-06,5.471984421477770632e-07,5.780566292090163067e-05,1.251763446266575359e-05,-2.235925682303176472e-05,2.857631497314452616e-05,9.412474956214163263e-06,1.631602873827406344e-05
1.000000000000000000e+00,1.479628165671538487e-01,1.691257980060420774e-01,-4.241770079531586440e-02,-6.556309459857571909e-02,-2.476023893189158859e-03,-1.669391715641624016e-02,-2.166220662517273632e-02,-4.142367316224033168e-03,-2.924765067165401022e-03,2.067884919381057698e-03,7.338516621377676533e-03,-3.537127929670822683e-03,-4.170669851974569999e-03,-6.343845794193818215e-03,-1.219437057833671094e-03,2.486067256177719887e-04,2.586032256370061943e-04,-9.666760406616388499e-04,-5.609049838491010197e-04,-3.267871477387460284e-04,2.822338857847331121e-04,-1.823950157652485539e-04,-7.276148383455928329e-04,-8.924639070914782346e-04,-7.567879760161555676e-04,-2.338325427629345114e-04,-1.346849416616409346e-03,2.994632539442108497e-04,1.326251902409720813e-03,3.437056946666167405e-04,-4.117019572849670559e-04,-2.811150273816395663e-04,3.389929153055177224e-04,-6.320876411952184833e-04,4.153266987650366616e-06,1.221321934392316164e-03,3.914299453675336546e-04,-2.197432960072314648e-03,2.061499317284042290e-05,-1.463795827415970043e-04,6.412911141644300761e-04,6.638672625954468573e-04,3.455397985206257205e-04,9.327984297520684406e-04,9.258010777258433074e-04,9.973348513081133071e-04,5.315498397509192761e-04,-2.095220418871227269e-03,8.924821401739901428e-04,4.383316134289285044e-04,7.959973456773267175e-04,2.774822919958866278e-04,2.880031937011318219e-05,1.721078105151490397e-04,9.052350976208300959e-05,-2.418614298072329434e-04,-3.170910936873702840e-04,-6.786240237672409555e-04,-3.159171012930409896e-04,2.691658624576303530e-04,1.549398981091241743e-05,1.758533890773345443e-04,1.900980896172793110e-05,-2.051139906186280474e-04,-8.614493661977434867e-04,-5.701571144912640811e-04,8.930065136207533585e-04,-5.258215164501092330e-04,2.506430408446659120e-04,1.106523328235414858e-03,-5.291300237750958625e-05,-7.612697665893839772e-05,2.430779026191616141e-04,-8.192383382523526873e-04,-6.193218727562984803e-04,4.452673359237530114e-04,2.346665986476683221e-04,-3.241290337216747985e-04,-6.562720714036101915e-04,-2.567764415709128194e-04,-2.376986615241141602e-04,-1.774074751926947406e-04,-1.530431953550402549e-04,1.041085805635922501e-04,-2.103729218306362499e-04,-1.341008735259224198e-04,-4.830921462049397180e-04,-3.151984498168370306e-04,1.687370170137491546e-04,-1.801159192504169491e-04,-4.775583930774357239e-04,-4.393481332026064924e-04,1.144334402387333331e-04,7.924744261128090076e-05,-9.112028966007528516e-05,9.292733236397151147e-07,-1.022736762556559538e-04,4.425588170670599392e-05,4.090699097016945986e-05,1.096714546154830565e-05,-8.695724664389699831e-05,1.353730597714992664e-04,2.410753243009831133e-04,1.566300785797653309e-05,4.905368128746790746e-05,-1.693947262735094025e-05,-8.904551131884690462e-06,1.431995659970819992e-05,-6.273761381843731425e-05,5.020143496823697860e-06,1.080967966464430844e-04,-2.156914269303080876e-05,-4.500305073655503561e-05,-6.568200532960954182e-05,-4.882285774809309419e-05,-3.973495416412440971e-05,-1.499779329200462186e-05,-1.238936602209088421e-04,-1.799701566258030117e-04,-1.719628937200419331e-04,-8.727266328752649360e-05,1.435978420760372642e-04,-8.108099938777995946e-05,-6.456805821200709624e-05,1.248125607848937790e-04,2.739569690139866229e-04,2.295537220144480740e-06,7.095893881446290396e-05,-1.199336331853463096e-04,-2.226533265090607663e-04,-3.794428853053052207e-06,2.337778657628252355e-04,3.510438895836666244e-05,-6.502639806498998105e-06,-4.192487379542652492e-05,-7.991906193061705250e-05,-1.200903806743182232e-05,8.291117485807468122e-05,1.106345276755416876e-04,5.686020549568069428e-05,1.286924485761594197e-04,4.444599095413809535e-05,-5.093792883660062070e-05,9.479142566630383143e-06,1.859891158715097063e-06,-6.262656149721993570e-07,1.629451812591938990e-05,6.951164209899188869e-05,4.539119149770412748e-05,1.189869944156211148e-05,-2.770777391939019675e-05,6.475246897250122005e-05,5.753602089719295166e-05,1.722959278116654715e-05,1.350431860998598074e-05,5.825722268715986476e-05,2.324467990873724471e-04,1.662405816499227325e-04,8.134062695440975161e-05,2.653914152458673888e-05,6.164777566320689699e-05,-1.844527053932435326e-06,-5.678776994059451307e-05,-1.895240663650246243e-05,-3.567059372656728485e-06,-5.546160632615598670e-05,-9.111721879007887021e-05,-2.585709999927348645e-05,-6.206133500702640661e-05,1.184015945693670159e-06,3.445820109271014565e-05,-5.594509827215274502e-05,-6.257141976212304488e-05,-6.390236235472673517e-05,-1.044296329824346550e-05,4.965408205968312757e-05,-7.431348497350713525e-06,-1.351469085742363512e-04,4.066014750148737680e-05,1.219381654917325516e-04,2.420067578622010009e-06,1.584294643455678802e-04,-1.695419706823917468e-04,5.547783342442025398e-06,3.296548368829265905e-05,7.513929163632867972e-05,4.136966608276327079e-06,1.943084905999027272e-05,-1.088607004303507211e-04,2.475819916877071816e-07,2.291350768426439838e-05,3.629984940498018928e-05,-6.615474969652553928e-05,-1.315376065043549422e-04,-1.078285751326893421e-04,5.688472396384433089e-05,2.905092639481894699e-04,-1.937463161435177888e-04,-9.308690895588047568e-05,2.263910176914882158e-04,1.120572835606419417e-04,1.428729851086288903e-04,2.101043541329810908e-05,5.846519324852773181e-05,1.197643691633281082e-04,5.966000353967196133e-05,-1.291389592101724684e-04,-1.061253661821636568e-04,8.216237778012273327e-06,2.532478756998300237e-06,7.989111129572475003e-05,7.856282604553055913e-05,5.291718968856067094e-05,-1.320060568774382311e-05,1.695848799794622041e-05,3.274821045660703034e-06,9.274601811194301232e-05,1.073610873619909502e-04,3.567607627264943963e-05,-1.863975934600664534e-05,6.088489188816744130e-05,6.810374740689984722e-05,-2.279047107227273597e-05,-1.569593489787762689e-04,-1.129705729911330677e-04,-3.556231710626757094e-05,-9.233313166024642430e-05,-1.928281413654868394e-04,-1.351368768462557620e-04,-1.976486839334842306e-05,-5.002417797060700234e-05,-3.558004640478591279e-05,5.121772207787365732e-05,2.396309553176977184e-05,2.691138223659229954e-05,-7.249314540267780155e-06,1.218227904407954404e-07,1.540659651991936510e-04,-7.260102773540122033e-05,7.413201086852817866e-05,-3.390731645310101380e-05,-1.854516360684856937e-04,-5.848487010235722079e-05,1.572910417550677691e-04,-1.027938779151692353e-04,-1.400533609324825326e-04,3.344111642107095854e-05,2.068509735490447522e-05,1.063905671586803780e-05,5.625235574398689713e-05,5.060354318531576747e-05,-6.072709689244100705e-05,-5.302931900201821790e-05,5.105015290714008902e-05,3.063027806261339064e-05,-3.234285172589288122e-05,-8.760008880584879817e-05,-5.923454549392200794e-05,-5.581372484234328117e-05,2.000619718291353618e-06,2.259338027246222670e-05,-2.180120067116117359e-06,4.583178016406009290e-05,-2.610317098019857712e-05,-7.388965866849360464e-05,-1.010614043138289311e-04,-4.934561577691089614e-05,-2.597573523541190639e-06,2.448397627072374330e-05,4.411181290019564836e-05,-2.037431197396845006e-05,-1.058166139515456268e-04,-7.921521516566633705e-05,4.587310195813712292e-05,8.808594747293682604e-05,9.228515310918295356e-05,-9.387278055014071517e-05,-6.168119706358021076e-05,-2.184060808167765318e-05,-9.457462104798165334e-06,7.374073243560359087e-05,2.772763483776282382e-05,1.034764977061525737e-05,-1.127769186468606001e-05,7.247944758655581092e-06,3.679555907652217454e-05,1.094564877858403285e-04,7.926145214375257238e-05,2.091689555865775050e-05,2.991981266697022057e-06,-2.182477960026335306e-05,6.732039429370162409e-05,-7.369749222953178851e-05,5.860148105091337434e-05,-2.103316813070395285e-05,-1.163633446335902039e-04,-9.033662764425381421e-05,4.134192261822378632e-05,-7.170800133988597792e-05,-1.480568052547741092e-04,4.687607946113332122e-05,-8.401808281555745559e-06,4.512603554433275075e-05,6.605988963274007355e-05,-4.367560920446706226e-05,-2.153481457659844867e-05,1.510898889095848045e-04,1.052094170832358703e-04,-2.064104555793928522e-05,-1.116842359766527834e-06,1.327893489944122084e-05,5.856337059948096867e-05,-8.899011607602555474e-05,-1.488468215945059543e-05,1.063664835191797367e-04,3.242660961305106310e-05,3.370763688866292333e-05,7.266707728285379611e-05,-3.216271548119062065e-06,-5.120529594600143095e-05,4.364685648607064634e-05,5.262556695461834925e-06,1.242168753973442142e-05,1.068597356136296493e-04,1.310554556814017761e-04,1.309926325571707893e-05,-3.968865671617364610e-05,-2.816000730579233525e-05,1.447477185883853576e-04,6.939039729068966256e-07,-6.749758873842927234e-05,8.177149477659289276e-05,7.467307838965127798e-05,-1.158484466935059346e-06,-1.496501182293144124e-05,-2.581125555538461090e-05,-2.195991838379869436e-05,-4.384568442226595712e-05,-7.267081389089495374e-05,-8.984070479094818484e-05,-1.068552415225507715e-05,-2.611066112697472524e-05,-1.085573503240455407e-05,3.459158875875444484e-05,-1.259418171932683033e-07,-8.208223922889459250e-05,-9.789848931623654010e-05,2.483403184198600346e-06,-9.186393360926910158e-05,-8.029220663925297334e-05,-1.008542709211833013e-05,-1.458424256359756775e-05,-3.048117651120482071e-05,-3.677884717974786176e-05,-3.443284631269880676e-05,-2.802070362278824450e-05,-4.720129182461906659e-05,-2.967071277266643590e-05,-1.263551623451628992e-04,-4.072594058344016865e-05,1.265441494272091588e-04,5.749470977934821299e-05,-3.325117533728713318e-05,-5.608197896062953960e-06,2.212471222619627045e-05,6.376992582482558227e-05,-1.097583616275789343e-05,-1.369440804326224040e-04,-4.649080187651256853e-05,-1.133368509908509074e-04,-1.454924782466659788e-04,-4.070280882346405345e-05,5.869560605065769377e-06,-2.933197039195617947e-05,-1.819863806283565806e-05,4.297520279129788144e-05,-1.680259700044010052e-05,-3.749595465983553762e-05,-7.021919161807071629e-06,-5.333599509692994792e-06,2.733884705018901125e-05,4.834809300727702233e-05,3.052750030314065944e-05,8.244643470454458741e-06,2.071255193747194065e-05,-5.802389906714028594e-06,-9.878543051726270557e-05,-3.209794532838854066e-05,7.613054137512102033e-05,5.375797393877915366e-05,-4.989385511253606253e-05,2.171647331322015700e-05,7.766434117270385146e-05,6.982967528601156057e-06,-1.724256631352006041e-05,-1.855537608874395657e-05,2.803587192628230969e-05,-5.844645879545299992e-05,-7.829699686166853990e-05,-6.414523698093006787e-05,-2.214537188708355213e-05,-9.229800213339407744e-06,-9.122481895684159077e-06,-3.108982754681402727e-05,-7.141801487892619792e-07,2.295443410950430218e-05,-2.676490597425573622e-05,-8.568486955949011568e-05,-4.749758855120513653e-05,-4.708486521329880478e-05,1.664418799121502438e-05,-2.674301966026180197e-06,3.213737724836863258e-05,-6.291384078659712956e-06,-9.429262356745534584e-06,-6.320513850491768998e-08,7.280380459876932520e-06,-3.470615232310304729e-05,3.116780433649717492e-05,1.694390251550682429e-05,1.087854633204796583e-05,1.277196103053378847e-05,3.290810943032564073e-07,-3.853487885147321843e-05,-9.151934794898851247e-06,6.169768392799433402e-06,7.507133004548656653e-06,-6.668608957547556839e-05,9.882378992852901671e-06,4.953706573217656170e-05,-2.548878185013704213e-05,-8.342861494923107163e-06,1.329594526242873262e-05,-1.088303234407123064e-05,-1.604234015970034400e-05,4.394519013752489948e-06,-3.929113836725577741e-06,-3.670943913215193703e-05,6.886706055833345007e-06,2.811696880789931133e-05,-2.677122266448685300e-05,4.834528330860021799e-05,8.855270124473021347e-05,5.151509873229252116e-05,2.280408766251830396e-05,-2.673782898928544254e-05,-1.421220648808448125e-05,1.121097808681466975e-05,3.008604238452763295e-05,3.122249656693175413e-06,-8.100371621084006879e-06,-1.196091363193712264e-05,-1.290483176428945669e-05,1.126880155230840821e-05,1.390637222976095271e-05,-3.571828485399908963e-06
1.000000000000000000e+00,1.043305288330409891e-01,1.712710828501917346e-02,-6.764236626129020713e-02,-3.556675351037105054e-02,1.502033760010871612e-02,-3.324949390728044324e-02,1.942702536559298004e-02,-3.902359463590471342e-03,-6.681161793969702181e-03,1.415771307413178637e-02,4.119150637069460795e-03,-9.956549281484885182e-04,9.995376691485022280e-04,-2.696797217485008211e-03,-3.937661364684282299e-04,-6.436302082939440120e-04,5.460628855381532672e-04,8.570006023986115849e-04,-8.155666229541810690e-04,-1.424150193568672921e-03,-1.368479732419981571e-03,-1.294152161601436896e-03,-7.277293627305024114e-04,-4.988281965087757114e-04,-1.286524401318016190e-03,-9.459051040839141535e-04,2.598051829851377948e-05,-1.941124866484865647e-03,8.334758296172636383e-04,-1.411967991055148675e-04,-1.398154270894886144e-04,-5.600443499952762437e-05,-2.427199123894898519e-04,1.369055063789353292e-04,3.981338901217167364e-04,2.122112088504845325e-04,-6.743897413035784014e-05,1.332583505798077715e-03,-7.449001008259815157e-04,9.059179204466968416e-04,6.198913659375929631e-04,5.750434633662768972e-04,6.137850671338954947e-04,2.283245160945705267e-04,-7.232348054781487061e-05,2.136456029055669610e-04,8.090941278917145008e-05,1.450051087082467483e-04,-8.332146771556721201e-04,-5.347797381534782121e-04,-4.965346017696546958e-04,-8.188454889951107991e-04,-3.849681202669410639e-04,-1.390551926445211469e-04,-6.513146297781395285e-04,-3.844266596716146918e-04,1.247364173078429239e-04,-7.783418230549163971e-05,6.308694711504872705e-04,5.179360946097337666e-04,3.342721489259223964e-06,-3.167442697718214877e-05,2.598416728861617964e-04,9.612979753327558657e-05,-4.580017925750705507e-04,-1.619832663886683303e-05,2.886220961021980741e-04,1.254455861813553263e-05,2.414674288615160534e-04,-7.685853525869598604e-04,-4.115376514022740405e-04,-6.877375144089977171e-04,-2.779157756838086866e-04,1.075952142147693818e-03,1.670733611875069909e-04,-7.660742756623285191e-04,-5.253229704377005175e-04,-3.304213377934040472e-04,-8.660483912910269639e-05,2.914092020904620012e-04,1.621455620260259657e-04,-2.200333445187399107e-04,-6.556531187839094313e-04,-6.093919194141896728e-04,2.699646824518715771e-04,3.428149665703446379e-04,-5.414182768316208854e-04,-2.259326283941451817e-04,-7.748660762778434750e-05,-4.023258819570498532e-04,-5.385231476811691131e-04,6.390357546236840359e-06,1.156324297895327055e-04,-1.597068532731834385e-05,-8.174597806218649539e-05,5.162768127305127059e-05,1.496364975365302062e-04,9.081832109547167960e-07,-1.130237641989757254e-04,3.912311864649150776e-05,7.497173733705030042e-05,-1.004051147451996278e-05,-1.790095462851442975e-05,4.984634174178659256e-05,1.263897084726022996e-05,1.454071782873459721e-04,-1.246338258101066011e-04,-5.120999321921930296e-05,-5.673294607797893670e-05,3.636394988427534605e-05,6.592324442613607514e-06,-2.617296758636040226e-05,6.346402600286765239e-05,-1.471206118878336017e-05,-8.394251074132368139e-05,1.067339750054086813e-04,-1.481853115169968549e-04,-1.341263383038913124e-04,1.656872504070947460e-04,1.006975499143870727e-04,-1.462318463610916741e-04,3.609040147500434573e-05,1.937400959951281928e-05,-2.419609584492848843e-04,-2.098790882385252114e-04,2.307253046458697398e-04,-2.832298787321653050e-06,7.205021788666680463e-06,-7.471120201680811793e-05,-7.636291661872587953e-05,-2.917493978003451289e-04,-9.628498380784274266e-05,1.201564146784402467e-04,4.827424257389644076e-05,2.391671806322718784e-05,3.342404789717607705e-05,2.035171581597815935e-05,8.449651761909011616e-06,1.384607327559848758e-04,1.757507234475692826e-05,-6.119009000676257025e-05,3.057339003090491224e-05,-1.308541991715482263e-05,-3.271863337684551292e-05,-6.397357118723933083e-05,5.055790351003932464e-05,-5.951004059251503091e-05,-1.068637107845956470e-04,1.290674885075693362e-05,-1.513008822325650396e-05,-1.941942356090872306e-05,5.444078280524740219e-05,-7.042110546814838389e-05,-3.973251643762779512e-05,3.713609711816112684e-05,-9.197878154393674457e-06,2.818168182707309654e-05,-3.691495192373710075e-05,-2.044329585833466823e-05,5.507012329039476586e-05,4.816563609387041747e-05,3.462339825120523110e-05,2.426760899750058195e-06,7.973496236959940874e-05,1.579340782022830105e-05,3.826787356693533954e-05,2.768553740088405720e-05,7.743358987000057426e-06,1.017126550128532605e-05,1.939385920951154489e-05,-1.188987050382360033e-05,-2.907056071489811790e-05,1.964841040062539109e-04,-3.347103285344255340e-05,-5.518148164176321473e-05,-8.706837010872354923e-05,-5.662953771761718039e-05,-6.268768108742830904e-05,-7.748632108370250959e-05,-4.078885147124045561e-05,-1.100307617707781864e-05,-2.827709351827735444e-05,-8.741579904107632212e-05,-5.647103368974757428e-05,-1.221367952703950131e-04,2.086274739663999072e-05,5.927995728853796250e-05,2.520062231675964759e-04,1.265150164455277509e-04,-7.003314757821126861e-06,4.049647613940797095e-05,-2.358855581765789819e-04,-6.401547715575555677e-05,1.851237914643012251e-04,2.020523532149108342e-04,-1.497102568525457681e-05,7.918875709188044089e-05,1.112995971939202575e-04,-1.138873250742910963e-04,-1.414251383038048324e-04,-7.875097562317272753e-06,-9.018499893875936402e-05,4.013582574597214652e-06,1.089111763547447770e-05,-2.574585066539376903e-05,3.253913920979384703e-05,9.340687883311646182e-05,4.320905839433670137e-05,-8.049519210114885223e-05,-6.909032229892466781e-05,-5.871911040960651784e-05,-1.105000674297524987e-04,-1.107421317093271956e-05,1.074235032314734510e-04,5.389201476335646313e-05,-1.418244333127790526e-05,-1.166081813379788115e-05,-8.949951854774524805e-05,6.018236695584592552e-06,8.080937835303400726e-05,3.012794314805824984e-05,4.293719147114237606e-07,-9.436865726933203082e-06,6.321350673523156783e-05,4.887568761661885864e-05,-8.455305133190886764e-07,-3.683528465257121715e-05,-4.268189089754595160e-06,-1.622556376983698491e-05,-6.585783270084363838e-05,2.247458006052345029e-05,3.032166171084746574e-05,-2.770354170536410383e-05,1.951661652001940070e-05,-1.546804482105681370e-05,-3.530013499034566089e-05,-2.733168989800055732e-04,2.344987624863429211e-04,-3.437404243667517936e-05,-7.310665045961828410e-05,-3.864090838754616567e-06,8.551341740042655204e-05,-8.712836687408613383e-05,-2.747571351865738684e-05,2.185013815078404699e-04,1.252102692419531705e-04,-1.367171426458134410e-04,2.354001213707656811e-04,1.527895863998527380e-04,5.652933754387240380e-05,1.488156047548745188e-04,1.350929939817900377e-04,6.287658157948813973e-05,3.528406848562026761e-05,2.852941011872497342e-06,-6.455319917656229106e-05,-4.464594062306284839e-05,-1.756614678675545718e-05,-7.989171212137804491e-05,-1.066473143753508628e-04,-2.628895510811398649e-05,-2.834047218302682952e-07,-3.150455855881327836e-05,3.196063583362883652e-05,8.228146893260690443e-05,2.069797803320459669e-05,4.439467235113752903e-05,8.901691347541866855e-05,1.736893083932112375e-06,-5.658142018589668932e-05,1.051388106103877892e-05,-4.491031429048127657e-05,-1.423500480543638506e-05,2.403292155860223573e-05,-1.220586715390089194e-04,-1.370675691719172194e-04,-1.860941484293107505e-05,-1.048402061460483610e-05,-4.977883135776033351e-05,-1.814734826869410646e-04,-1.415560229978010220e-04,1.637106562422235427e-05,-4.591209484417064742e-05,-1.416873375126707934e-04,-6.158281160102040607e-05,-3.881749640074487511e-05,-2.003244663711799712e-04,-1.163821311253437896e-04,-1.057502253867531882e-04,-6.650216622196576514e-05,1.599684111784849139e-05,1.182871263108622426e-04,-3.312814198549481190e-06,-1.331129207679249138e-04,-5.574977204787334283e-05,5.292410221008766677e-05,-1.131832184616774086e-04,-1.023288991190137798e-04,1.144822243251239935e-04,1.078952666844106890e-04,1.013909280257108569e-05,1.009473881903508977e-04,3.716783381681646690e-05,-1.233364019013563481e-05,8.636985053148436625e-05,4.023988146437410609e-05,-6.441094494214245230e-05,-5.100407085708859686e-05,8.624034884031374620e-05,2.900716695083233824e-05,1.516500172844620763e-05,1.123220728480117751e-04,1.820023635345514033e-05,-1.278887316259620091e-04,-7.344196783811298790e-05,-3.664899096072750341e-05,2.218996197018309385e-05,9.832550714058694891e-05,-3.319630859926110688e-05,-9.699029058476430420e-05,1.999246785084864704e-06,5.600481329270009040e-06,1.029521112932811531e-05,-9.834104748990615819e-05,-1.068719076087204934e-04,3.149296769943656300e-05,6.477761704253013021e-06,-5.913270466707440907e-05,-4.863042340779859555e-05,5.113518416622665243e-05,-2.360643093193328580e-05,1.078876344540963043e-05,3.357418817624510828e-05,4.784823303066021151e-05,1.094201189276316919e-04,5.297488221365472737e-05,-1.575520159267538109e-05,-1.163704731126854917e-05,2.224032889006470219e-05,-4.074239613176082724e-05,-2.380663305388632892e-05,-7.471443194244123298e-06,1.494153711209660152e-05,1.906406569139468209e-05,-3.776281488695386958e-05,-1.003512552467653423e-05,-5.673830373268820048e-06,-6.321321050868145604e-05,-2.898969237336337099e-05,7.579496689828753655e-05,5.925753565608141290e-05,-6.456582844701300680e-07,2.434868280773319713e-05,-6.320457870979071392e-05,-7.629658923820101355e-05,-6.832568657386670264e-06,2.423355079219681802e-05,-3.169016379952542631e-05,-2.825030729798027045e-06,5.034368971325069878e-06,-5.245874663078980537e-05,-3.099031478811816560e-05,1.222725319093265998e-05,4.306751252393239900e-05,1.819693678351907992e-05,-3.773995677909816132e-05,-2.832282662368098127e-05,1.120212518503433115e-05,1.468447798879502254e-05,-2.714802371737734079e-05,-6.865456227816557006e-06,-1.807117220105531902e-05,-1.092221011098794265e-05,1.127272648202136875e-05,-2.873554433318124661e-05,-4.580689605240017458e-05,-8.051863694582666928e-06,4.930364969840144080e-05,1.556495615695718772e-05,2.817289964456022765e-05,1.660739203536613722e-05,-4.351498377002104316e-05,-6.949372306550892302e-05,-4.921564162133688734e-06,-4.953563086529783982e-06,7.104158677973055800e-06,-1.896618059718159922e-05,-3.696848203526991757e-05,-1.331454179971139827e-05,3.184896913375044754e-05,9.540143831983851434e-06,4.292830864067033285e-05,3.846920376817244085e-05,-2.372016175534766445e-06,-3.363233780811253827e-06,-3.389977688689622655e-05,-3.265000307548847987e-05,-1.054717771651341002e-05,8.135645254006100885e-06,7.805294824356397910e-06,2.317840370421742549e-05,5.556225178980374985e-05,2.301086920926292051e-05,9.983684796130722728e-06,1.982701654914927332e-05,-2.734720485941129594e-05,2.780798442030883944e-05,-3.718706538836249824e-05,5.054803818113195318e-05,6.895950719614591035e-05,1.372971850625967703e-06,-2.442409642894042323e-05,2.014819113159867418e-05,7.296398798577739039e-05,5.792326776280983680e-05,-1.169476720729567716e-06,-2.292970188189744821e-07,-1.816241841163013823e-05,-1.842833005101158665e-05,-2.482145075174322740e-05,7.437773276774523759e-06,-1.080201906770498288e-05,-5.047314171683829978e-05,1.318193574903174757e-05,1.833705411207167649e-05,-1.925137680568338497e-05,-5.285856811535407794e-05,-2.440219876602825859e-05,1.392190005626313571e-06,-7.588948537645992725e-06,4.893967984159961299e-06,3.544245438064453702e-05,-7.039347118465114599e-07,5.113467439383326014e-06,-2.707053639594566257e-05,-1.891592189843979395e-05,-1.019001681894358081e-05,6.645519058277382581e-06,-4.436380683138500807e-06,-1.956960846025431358e-05,2.695675776675858946e-05,3.115932447727107229e-05,1.192876425464638796e-05,2.589166139117593385e-05,9.702396487894631667e-07,-1.007485332285062497e-05,1.643646863431434624e-06,8.876693551760604322e-06,1.095041698021632331e-05,1.159466960011250543e-05,1.098848183245075967e-05,-4.931655716535119438e-06,-2.412715045159254522e-06,-1.259345766643401096e-06,-2.770955669295487699e-06,-3.368843000542624512e-06
1.000000000000000000e+00,7.274300259828822557e-02,-3.325453868744710634e-02,-2.586774396333085119e-02,-3.274750777411960384e-02,2.047774731781013425e-03,-7.780207872444156771e-03,1.015708331261874937e-02,-1.660222260447105289e-02,-1.462209839679876923e-02,1.315603907997807192e-03,1.506723123238247258e-03,-2.929718303671021481e-03,-2.080922968354409139e-02,6.798760617040209772e-03,1.676710010521386806e-03,-7.610354753930571349e-04,-1.649341442060702411e-03,7.467420488955047245e-04,-2.197639060655163547e-03,2.806458293690877780e-04,-1.319928115402243043e-03,-2.458131058474763994e-04,7.006754359739340876e-05,-1.321140856424474468e-03,-2.975219433962058402e-05,8.797814619040363125e-05,1.418954356330505515e-03,-1.512899052226614801e-03,-2.784343940691565329e-03,2.552356139193128794e-04,1.556247542671582553e-03,-7.300350800718901712e-04,-6.346751441652133136e-04,6.874526316133123963e-04,-1.075737407258301522e-03,-6.136080821307459679e-04,6.653923716362355675e-04,5.690920948498040879e-03,-6.980505293574324269e-04,1.065313886556236217e-04,2.013326469482342503e-03,-2.435712381077636927e-04,-4.984230720697631432e-04,1.554877840018518056e-05,-7.613051816111878834e-04,7.298591536538575611e-04,1.036799114861310924e-03,3.440243729983541009e-03,-1.921633466371578574e-03,-2.047860847764460934e-03,-2.269107639174610617e-03,-1.541877874294953149e-03,2.880558404473387369e-04,-6.494468598250288053e-04,-6.439658659274019722e-04,-2.176190810557731767e-03,1.020126728367666850e-03,8.826073529168441739e-04,2.462891869635382841e-03,3.133256816754638376e-04,7.979393884093804014e-04,-1.608925556430132258e-04,2.017798743075893686e-03,-1.851945551306806437e-03,1.260588320204104320e-03,-2.585002435888072905e-03,3.766935560349801617e-03,2.914971362400037638e-03,-4.622980373812847921e-04,-3.157704242042453329e-05,1.368550151433609204e-03,-8.064734119480962285e-04,4.244770353048504417e-04,2.313584204756921527e-03,1.360808961591022763e-03,-1.806778189821871316e-03,1.195531412231869194e-03,-1.487733293859236187e-03,-3.497027095683968037e-05,5.435851748975475831e-04,2.014605575740170424e-03,3.828087014857908533e-05,-1.175687765940867284e-03,6.551508706121666288e-04,1.489981787730787748e-03,1.264750510215698282e-03,-6.483928823505531042e-04,-1.000938154455275546e-04,3.332904418787224440e-04,-6.862393639673466592e-04,-6.334208317530063033e-04,-1.189224240286819532e-03,7.779201361011165751e-05,7.074433984774604019e-05,7.941801657929409427e-05,4.503481207522122575e-05,4.412050272297594373e-05,8.623779738364988003e-05,4.685307128577606290e-05,-1.655360469955384104e-04,7.933861394249073660e-05,-8.459943289414047389e-06,3.079043322538024721e-05,-2.050175411869788222e-04,-6.055130120107193551e-06,8.435214487603324323e-05,4.943118126993507189e-05,-6.502765449696588701e-05,5.762219811240407055e-05,1.652734380216750034e-05,-4.908586805838821337e-05,-1.490259038123878637e-04,6.564978037025690687e-05,-1.826970692048777523e-05,-1.245140547495620829e-04,3.321832393775613393e-04,-2.817526890513777187e-04,3.194615552876858377e-04,1.803311648941496501e-04,2.375609131871786212e-04,1.492306398274169388e-04,9.687115865722815803e-05,3.475972224811154526e-04,4.816469184684763021e-06,-4.457470537618634233e-04,1.401612771288512818e-04,-3.280408504824091449e-04,-7.338662654876941494e-05,-1.877971208686071334e-04,-4.479235516522504378e-04,2.676938284947252443e-04,-1.316602349979921992e-04,-3.750683407836761748e-04,-1.474784539629607689e-04,9.790644760667708603e-05,2.124358632089620139e-04,2.620167007244185464e-04,2.121120607644609590e-04,-9.531165094150505343e-05,-2.279017656867729903e-05,3.440840525000802322e-05,-2.872363521279374101e-05,4.265774691250779011e-05,1.052421240186447390e-04,6.351465847012666588e-05,-1.494604146672198004e-04,2.456685135991706188e-04,1.019420195468380869e-04,-2.267653822275474389e-04,3.361002356613801239e-05,2.414427909409053781e-04,4.281467052478427808e-04,1.776549511021761462e-04,1.080964851991153992e-04,1.157043009339759287e-04,1.256616557852509200e-04,-3.431929850313970832e-05,1.182404003250803155e-04,1.501131837829612387e-04,2.546401129926754051e-06,-2.843411014471576071e-04,-5.013259518965662109e-05,3.998366836958017266e-04,4.693557527835371876e-05,-9.504540619291388097e-06,5.085224939405961689e-05,-1.493508882037506624e-05,-1.430120728089707112e-05,5.195196476275403788e-05,7.689532363085855009e-05,2.393508627406529834e-05,-2.475649321227067420e-04,-1.397794019232052800e-05,-2.377028979531676281e-05,-1.984513706184590329e-04,-3.209896047027123141e-05,-1.136477957907337024e-04,-2.091068882918684403e-05,-1.618495016554893267e-04,5.827875459381638733e-05,1.133997162304802416e-05,2.392092974217455907e-04,5.034147995509873367e-05,1.913695543896782518e-04,-8.762066803378510034e-05,2.618131467902556323e-04,3.090321702850446829e-04,-4.254213614570533531e-04,9.598743168808577815e-05,2.264733541076416855e-04,4.926680738994162562e-05,-1.558964948789380128e-05,5.178963214356357408e-06,8.785270236810140858e-05,-5.669190587782722184e-05,-2.132311143367131374e-05,-2.822351152619172226e-05,1.333775425955431289e-04,-6.995277246263412435e-05,-2.426505278634359479e-04,2.614256097646616809e-05,-5.194643927013140860e-06,-1.964540752510207940e-05,1.096089772451107596e-04,-1.294919263085453955e-05,-1.550377117544214731e-04,-6.659822796238372713e-07,1.221892811329225025e-04,-7.880073065028058484e-05,2.011126415436298063e-04,-1.119226193461102085e-04,1.368957791513838703e-04,1.569502023544548815e-04,1.100365560754052116e-06,-1.606166754625313548e-05,2.528022885434722607e-04,2.094886835608434511e-04,-1.710096628106959381e-04,-8.146089894101824500e-05,1.464685156883621241e-04,1.662801562332724811e-04,6.208315858765279757e-05,-1.931325071211273923e-04,4.939807963318505454e-06,2.350840062820827516e-04,1.507860007051410535e-04,1.072385898196366323e-04,8.926591722693316591e-05,6.416267100417358423e-05,2.005260099422673573e-04,-1.379169566403184468e-04,-1.985841110855108204e-04,-7.036546799854299990e-06,-1.763023512240878522e-04,3.396933172956946573e-05,1.104289671809600027e-04,-1.850154728382326418e-04,-5.290828010971941831e-05,1.316587216814521933e-04,-5.325365646295845544e-05,1.791575278305618300e-04,1.739507381032011512e-05,2.968814609331548501e-04,-1.990163362823491825e-04,-1.831924554871657498e-05,8.159684700018959955e-05,-1.309553133852878898e-04,-1.088534215253526507e-04,-7.813417567683197615e-05,6.456556896780044823e-05,-8.956077483737282820e-05,-8.097215658834744194e-05,9.724433370302324847e-06,-1.394169587236414993e-04,-1.184337940874656873e-04,1.160036108433061200e-04,3.003550272858986178e-04,7.566616565295401425e-06,-7.801040025870117651e-05,3.355580535235397279e-04,1.128971746692665045e-04,-4.905074110350492568e-05,-1.494090067731211320e-04,1.295787090435037185e-04,2.470098824444034850e-04,1.038429082893892300e-04,2.618252928387467763e-04,2.317280576189528502e-04,-8.990701300844450565e-05,-3.214258300824702824e-04,-9.832904700442739906e-06,2.926352384106515445e-05,3.498636309620893942e-06,-5.449583708488048262e-05,9.421690871767839646e-05,-2.242026299860603271e-05,5.534851057908910355e-06,1.061575360562201311e-04,-8.403187763999253623e-05,-1.403654126125616192e-04,-1.541435873787500542e-04,1.562559310265937114e-04,3.156682533510187942e-05,-8.321274629923325664e-05,2.954582706189922108e-05,1.176313042733658339e-04,5.688164149159587245e-05,1.392574676490583921e-05,8.935922334021740990e-05,1.749925958734590490e-05,-7.132777107798327315e-05,1.650719343975122646e-06,2.418036439070254053e-05,-6.123170315140725464e-05,1.429687340231101066e-04,2.142300649203661889e-05,-1.958896535903228148e-05,-2.221942249685383668e-04,1.052105497662641874e-04,2.253374237226424097e-04,-1.162675654253075982e-04,-8.809602519769599901e-05,-1.711624953582625727e-05,-4.253161221426091831e-05,-1.362225404404671869e-05,-1.858258764822239885e-04,-1.391800148770318767e-04,-9.246207377991746133e-05,1.281948432566230975e-04,-6.302048508447778213e-06,-3.989202408823260579e-04,-3.219364151704145289e-04,1.732068522733875464e-04,-2.849667536501435694e-05,-1.320423265557877485e-04,3.543934700274593163e-05,5.759640705297265666e-05,-2.200839847071061521e-04,4.151149534884859170e-05,8.657243299713236826e-05,4.085171843120396487e-05,1.263458722845654716e-04,1.224976930134669518e-05,-1.894071775457811143e-05,1.998425190208731771e-05,2.433226724899247213e-04,-4.111675909288586367e-05,-3.718278982687460232e-05,1.246846072912834782e-05,9.683273989021501090e-05,-2.390133660806151237e-06,9.362317547300694177e-05,-4.991444587142377000e-05,8.755369718665296640e-06,-4.691455717210733919e-05,7.655253040694253732e-05,6.637072453792070115e-06,7.193695431683121708e-05,1.145869574776851402e-04,-7.445058701779114045e-05,7.105023784397836422e-05,2.527262906986735196e-05,2.128081963829096216e-04,-5.851126827588894012e-05,-1.314698302547996933e-06,2.349974792353639035e-04,1.861491011845449375e-04,-2.284291221312473536e-04,-2.550235987858964098e-04,3.433406445694595771e-04,3.352734769606961177e-04,8.982418211540647428e-06,8.533542975156213129e-05,5.631463736818615958e-05,-1.443126875415021553e-05,-7.390772439802803539e-05,1.055576028750081138e-04,-1.147842760802666708e-04,3.635317064460150214e-04,5.373939701713490152e-05,-4.806539724189902137e-04,-8.540381594511509838e-05,6.698634420223229392e-05,9.247813855668244882e-05,-3.758048650397493859e-06,-2.047916938892114819e-04,-1.289877917298939156e-04,8.146118058267230819e-05,1.240918454817869869e-04,-1.174776196000416874e-05,4.753540415871647449e-05,3.516622049421298443e-05,9.071159218737358005e-05,6.164844607162042701e-05,-1.735075843681056535e-04,2.107649711866137313e-05,1.003310039576811461e-04,-2.037563973176521594e-05,-1.506457558802097748e-04,1.148365949343552352e-04,2.916530130867918034e-04,8.061281404891241901e-05,-1.673584157174433703e-07,3.995272385960154478e-05,1.096326651791227239e-05,2.087662053139239431e-04,-5.316870259715651020e-05,1.219497890346795337e-04,2.779756012005685705e-04,-5.615300440035971111e-05,9.889423545286744085e-05,-8.575181030511024125e-05,1.311232265524028395e-04,2.608857875303722206e-04,-1.771203410865818150e-04,-6.908800059571417883e-05,1.529645606802369944e-05,-5.785849581118669732e-05,2.643786684521424901e-05,1.021929898241004641e-04,2.845754439412936370e-05,7.060261195228669515e-05,-1.015760285732445178e-06,4.640222637946825194e-05,9.701911893005826641e-05,-9.515860401630938382e-06,-2.629833029669442816e-06,-6.082860666924991895e-05,-7.602469583892336443e-06,2.869706599667485670e-04,1.488253981025122719e-04,7.189737113334978039e-05,-1.316059889174018226e-04,-7.577052627500321914e-05,-5.641954499910285716e-06,1.035444034703189190e-04,-4.177617094247510138e-05,-3.121962830091657890e-04,5.094608575342184304e-05,-7.907736605647677200e-05,6.890387161563242644e-05,1.829618434008360871e-05,8.124371194396228792e-05,-8.937700279189136031e-05,-8.554057224884471615e-05,6.586668339823219210e-05,5.482056688323248107e-05,1.355655362525069795e-04,-4.421524823326182269e-05,-2.373231660961467150e-04,6.665079827136478907e-05,-7.971174172166815776e-05,-1.121778534849895038e-04,3.394692299792451324e-05,4.716617234607426980e-05,-5.759366983373830339e-05,-5.842277762087075542e-05,1.387060944539764292e-04,9.839874868934466725e-05,-1.696728493080542279e-05,-6.544145064804173656e-05,-4.617221004127260078e-05,1.723782448069398788e-04,-3.627264528131870212e-05,-5.144781127676326777e-05,-8.804432639475242510e-05,1.990003442125281761e-05,-7.768266284445662895e-06,-9.584381496923880569e-05,-1.029528495930647398e-05,-8.640016418380249861e-05,-1.845050888549679556e-05,-9.009178047467818579e-07,-5.725986504954952465e-05,2.357876394670943728e-06,4.675824132495819269e-06
1.000000000000000000e+00,7.384001110714824567e-02,-2.081934411633270740e-02,-2.949122113973858678e-02,-3.101643305058979574e-02,-8.906559358999548495e-03,-1.728719027406861591e-02,-1.516677249364579635e-02,5.090900556128680199e-03,-3.052034672803006794e-03,1.262883532459898022e-03,1.238896714487091417e-03,-4.744521488757143940e-03,-7.544434714366161313e-04,-1.692544305698146954e-03,5.121930308222883864e-04,-5.572881158416280326e-04,-5.443686231478904285e-04,5.145437496258609611e-04,-4.699456604829157428e-04,-6.559926586178050321e-04,-2.010733235666195266e-05,-4.225504799084110638e-05,-6.431574615651043832e-04,-4.436543541173859997e-04,-3.868264492011754419e-04,-3.423406314106222518e-04,-4.260983235137158151e-05,-8.446190026388086716e-04,-1.047683548068801759e-04,2.369035993047010854e-04,-7.451959174931698275e-05,-5.011524546419567202e-04,-6.060249552840197857e-04,-2.985874596747236927e-04,1.355291579372255634e-04,-1.792754217017428821e-05,-1.560761499361642342e-04,8.931754863151193180e-04,-1.831390070245611046e-04,3.544684040276865054e-04,3.191375086836290096e-04,2.446493310163011699e-04,-5.424524048414259566e-05,-2.464507351531642897e-05,1.325938818331993669e-04,-2.558047652654491465e-04,-4.883321623335870696e-04,6.410604363118202692e-04,-4.820388832348365140e-04,-3.665604700361212317e-04,-2.961357324125134466e-04,-1.642363700251882829e-04,-6.722060362983159505e-05,-1.790727257485955342e-04,-7.054667991248259615e-04,-3.691075058567211777e-04,-6.515557844059210546e-05,-1.514768792801081941e-04,4.367032420559063344e-04,8.089272147466144546e-04,-2.797768543075596168e-04,3.061040783909977085e-04,3.612867974612574530e-04,-2.927244146974285893e-04,-3.225199555127084591e-04,-6.298313452434079395e-05,4.960355105989948648e-04,3.199082019043222955e-04,-1.774261753677191850e-04,-7.954453004484321769e-05,-9.392732024919928091e-05,-6.326272425452477473e-04,-4.420222216038989451e-04,9.011328192587385582e-04,1.463297870107506784e-04,-2.142188384673881726e-04,1.869389739644232635e-04,-3.044435751113017336e-04,-1.219748709280354547e-04,4.620031539723444243e-04,3.271840542569120092e-04,1.189744080058154562e-04,-2.027581383820273124e-04,-9.760745699481653025e-05,1.558148691055830429e-04,-2.075615808923588054e-04,-5.948835523393784341e-05,-1.973598417313868539e-04,-2.365309193740481529e-06,-9.602070533624407450e-05,-1.528688858003369034e-04,-1.212016694051053152e-04,4.422025117539757225e-05,-3.367436487211271075e-05,1.333251047742646511e-04,8.823129353376243066e-05,-1.453160977119858677e-05,-6.307845564067375891e-05,-1.151786651970505870e-04,7.272231930153744961e-06,-9.502938116421006596e-06,-7.483315017495468602e-05,-5.183948150432006794e-05,-3.980725992597137846e-05,4.272398392671645340e-05,-6.139943189145974248e-05,2.289167287820033071e-05,-1.009105616873364207e-04,-6.407782496183272254e-05,-3.631022456043038021e-05,-1.445461841785745808e-05,2.570112947481542788e-05,4.050015551086446018e-06,3.334258377249745133e-05,5.255372460419977903e-05,6.329011824199522759e-05,-7.090335483472957380e-05,2.277477804763379973e-05,-4.197543382008887825e-05,8.852236604558898529e-05,1.599378555472359177e-04,3.742771474736339258e-05,-8.223756445225151920e-05,-1.690440391276602891e-04,-1.030474189445745252e-04,6.131823486525317976e-05,1.023321603189103777e-04,-3.062317881461740460e-05,-2.384814026225388472e-04,-4.067302384943746843e-05,-2.858476980221266270e-05,1.734469524287433073e-05,1.763750003526264409e-05,-5.684337125656716667e-05,-1.618600714753341678e-05,-1.876468281622007485e-05,3.301386392169081537e-05,2.731044775852948039e-05,3.291593189833428294e-05,-1.125316909042278252e-05,-2.742981078419184755e-05,-3.156271952182424287e-06,-1.985224653518203182e-05,4.590461733807238835e-06,9.577899124824662829e-05,7.711895467181957315e-05,-9.054486406897137814e-06,5.802397851780770894e-06,-4.795800219155683753e-07,1.396507147079986039e-05,5.106903937300504801e-05,4.246669727673961920e-05,-3.226353330616582940e-05,-1.273502731345963429e-05,-5.161048856273115180e-06,-2.773275826463909150e-05,1.658812183427754120e-05,3.373968754964658717e-05,9.369616865634679706e-09,5.230877507778438533e-06,2.688272612057312453e-05,8.313134641705622848e-05,1.255222555220804930e-05,-2.854773611875955161e-05,4.229221619530016828e-05,1.637850796425842600e-05,-3.187803943239048756e-05,2.786439246663508071e-05,5.055774192008068672e-05,3.053318784076633876e-05,-1.680763209233361385e-05,-3.392911129884825715e-05,1.193153886078390693e-04,2.955567599994515966e-05,9.798447960525005825e-06,-7.619959132067908789e-05,1.502267644594479005e-05,3.896013380831454625e-05,-5.801689273444844150e-06,2.639808304111997410e-05,2.162886556296072588e-05,-5.395616857077685405e-05,-8.207381275924401955e-05,-6.533631874902309268e-05,-2.851335172211523844e-05,1.688185442750978328e-04,3.491878637133223422e-05,-5.448233394078776689e-05,-6.702846142521465138e-06,4.709639865259132303e-05,6.105412037059168345e-05,-1.225609286726570771e-04,-6.568905552818957757e-05,-4.830762378178804001e-05,9.542915909886544052e-05,8.406109563161352934e-05,-4.245589523028969904e-05,-1.142920087033759608e-04,-8.416370232830057917e-05,-1.374455542737395051e-05,2.356820285646073692e-05,6.329614488583826996e-05,-1.223746376582708013e-05,-1.995020127898609012e-05,-9.888235658792507749e-06,6.308567100735071331e-05,6.517409469784747394e-05,-3.504589135650414104e-06,4.503226913238334955e-05,-1.307757689772084822e-05,1.446173742177051545e-05,-5.608488279950260119e-06,4.875441259194035048e-05,1.056098216857472054e-04,3.811020469696432741e-05,-2.527044148281919843e-05,-7.367814787194898766e-05,-3.239454501649576272e-05,2.320936906394060995e-05,4.842013554826591048e-05,2.280380890815327465e-05,-3.756840385835455822e-05,4.978647858857782635e-05,5.363035170330429711e-05,-1.115023183216081921e-05,-3.309854244821983365e-05,4.892969178005678716e-05,8.632645677809021897e-05,2.438171170464578465e-05,-1.914031615869690557e-05,3.959822473139286046e-05,3.464845772151376509e-05,1.986874189058935382e-05,4.494785821673036308e-05,8.494379813751338592e-05,3.554691681956221921e-05,-1.532652551815995895e-05,4.219323496886763291e-05,1.360727193835989358e-04,-1.188490108195311570e-05,-1.706494372150749747e-04,1.233043570811813999e-05,1.625031542426555936e-05,8.626966261533409910e-05,5.333690458170347826e-06,-1.143502191156061943e-04,-1.376672753577747236e-06,5.719735024427256430e-05,3.989581516131583184e-05,1.739075988858694447e-05,-1.091921006958284845e-06,7.575508251474820524e-06,-8.641535277534642261e-06,2.549180660009384261e-05,4.042822498655226302e-05,3.190975219654658830e-05,2.616952106732000163e-05,-3.894656354778051964e-05,-4.442212880594363585e-06,3.575701655774593516e-06,-8.075119057090920493e-06,-7.838333152834474631e-05,-8.214226370797517564e-05,-1.284710012258402881e-05,-1.786820133800949933e-05,4.245857340530712857e-06,-2.055004740261131085e-05,2.790446623461514364e-05,-2.024777573159671320e-05,-4.700855861619512486e-05,-1.593528090030949852e-05,1.943424222776213417e-05,-3.209934332515584709e-05,5.735667812192678090e-07,4.507270049896877566e-06,-4.692408984808637515e-05,4.946601363898106161e-05,8.092167807983261939e-05,-1.404791555565441045e-05,-5.270630406290361243e-05,-3.099441053089967515e-05,9.221605298105672920e-05,4.553004421094765999e-05,-6.299857010198322237e-05,-1.215024380311863111e-05,-2.953470603555014904e-05,-1.354525577733052349e-04,-8.079382421518734926e-05,-3.860705223009824882e-05,2.028770560244127489e-06,3.013488229592545034e-05,2.309531497459008898e-05,9.507136447194437692e-05,-1.199183250779757001e-05,-1.263142147213334164e-04,-2.356983316967175429e-05,-1.526978148738034085e-05,6.142699542537777724e-05,4.488567198486896219e-05,-5.661500485191999209e-05,-5.005409979163431892e-05,-3.203686294092590662e-05,-4.314064373986318363e-06,-3.010512533862822675e-05,-1.128487254603784404e-05,-1.028019627474421459e-04,-1.934724843645502861e-05,7.193223453786147818e-05,-3.351584734948789173e-05,-2.601432137339306186e-05,4.367064649500123724e-05,4.070601807660540443e-05,-8.624551980258605022e-05,4.598893717456178169e-06,7.206886531390248340e-05,3.068621418611492015e-05,6.743425255844010902e-05,8.728685898154674410e-05,-1.437996660403074639e-05,-3.653106888317254722e-06,6.042222545922043092e-05,1.421168110800733901e-06,2.825509600669072574e-05,-6.414568068591194948e-05,-7.351620991607687680e-05,2.587161245240048781e-05,-3.491079045695976930e-06,-8.612893919882952029e-05,-3.340932473650644818e-05,1.408155891537406005e-05,-4.599727916300250886e-05,1.993436293339788970e-05,4.557519448018875174e-05,4.410823118472727798e-05,8.607833288304832708e-05,3.196820296695630775e-05,1.999841595203407114e-05,-2.853114451711261463e-06,-1.799192656319034393e-05,1.392168655072991515e-05,3.384430590090176029e-07,4.017871741789521932e-05,-1.146312715832720553e-07,-2.264939938844564801e-05,1.542303494461694756e-05,-3.934703711399507886e-05,8.720209968805999826e-06,2.444245041530725569e-05,7.630396504859469778e-06,7.432153209795280673e-06,-2.908526443374693320e-05,3.416700618607207424e-05,-1.148315140171095182e-05,-4.283768060123585641e-06,1.081451241839150319e-05,-6.349123881238668762e-05,-3.182202220218390638e-05,-3.890940874843421162e-05,-7.262680426776906115e-06,7.137795495701932248e-05,6.103892986967510557e-06,-2.879714978047337931e-05,-7.188714252984783966e-05,-3.396583803823082859e-05,1.060349994301597879e-04,1.985178713987488706e-05,-2.145852036893843015e-05,-3.608764092068622890e-05,-8.634359993506881357e-06,-6.762035118664953739e-05,-7.288917349716259974e-05,-2.648351291223410215e-05,1.468825402003317459e-06,-9.250748029363019533e-06,2.407516707969680405e-05,2.218440577874182398e-06,1.396399305720702095e-05,9.861871857761000926e-06,-3.425155415204150601e-06,3.609648652606517786e-05,3.132327073724958637e-05,-2.708089833735749321e-05,1.557240791288216542e-05,-5.211505963211115046e-05,-6.855275183778606945e-05,-2.624447717355846675e-05,2.901618382695807526e-05,4.567571560574498177e-05,-2.557035229219207251e-05,-2.251295175387983691e-05,1.478576878005544995e-06,-1.163854588785591213e-05,4.968057055492876116e-05,2.387498080129022676e-05,5.583063823021700684e-06,3.576147117063337139e-05,-3.615365737013765145e-05,-1.607823598551052884e-05,-1.888279018440197033e-05,6.642223747912735145e-06,-1.571255613313427604e-05,3.231723500114942906e-05,3.073185366206256894e-05,-6.548872175703678192e-06,-1.096402882732762730e-05,-1.921416257141926400e-05,1.701111780384286973e-05,1.859411480826441565e-05,2.143481856976765503e-05,-1.471861428224122844e-07,-9.896484448964501537e-06,3.264724122457280878e-05,4.003284282136218623e-05,-5.020697708692304213e-05,-6.190919295814432868e-06,3.091493518390542197e-05,4.234999627883220954e-05,-3.909964180341452450e-05,1.436726949725830890e-05,-5.484754730295400674e-05,1.758020846727862741e-05,4.214436234593558955e-06,-2.709691649143915643e-05,-9.323501805101567990e-06,4.676858801994157498e-06,-1.729907095822074949e-05,-3.535326838630166259e-06,4.173020709291092354e-05,-4.270154265734894393e-05,-3.197156167473097960e-05,2.506376976392003550e-05,-1.672717873978931080e-05,2.485853569782105476e-05,-1.885217723932627309e-06,-5.491814841248913114e-05,-6.521668284516297562e-05,1.648524515461338044e-06,1.915855921016937683e-05,2.358106067002064654e-06,-2.185061477861433064e-05,1.765561279185748567e-05,3.024775408494505434e-05,1.938658142351501983e-05,1.373332122443561654e-05,2.692730121344747622e-05,-1.817357364577959722e-05,7.938345916447659445e-06,1.130829627489452825e-05,-1.691463856114617102e-05,-1.446435619687228965e-05,-7.439524178839271502e-06,3.039857826752719483e-05,-1.227898875312019128e-05,-1.963744677143386950e-05,-1.357661236458752335e-05,-5.089260441043474486e-06
1.000000000000000000e+00,2.190027882592536224e-01,1.943081359521535087e-02,-4.343127521291413606e-02,-1.405976903181467286e-01,9.068965122931873027e-03,3.196992913193393709e-02,8.738611474556054253e-04,-2.214062772063183152e-02,-4.554807858237980810e-03,-1.358272979607319172e-02,-1.291226748398542276e-02,-7.511766653079091256e-03,-1.426869383473824103e-02,-2.173229560994776460e-02,-1.928614221958946818e-03,4.097108955828974801e-04,-9.828192835034986821e-04,-7.184669874031712755e-03,7.259988288384999463e-04,-3.662472819947048142e-04,1.023477592086634996e-03,3.946566922891647095e-03,1.818134249396503779e-03,-1.680234594644468282e-03,-1.770631788332068240e-04,1.114961596104805308e-03,-2.971312567866886151e-03,8.109867164739473569e-03,3.087256280636130248e-03,1.307883021148748036e-03,4.219694697516869963e-04,-1.276016428604714262e-03,-8.017501791686255192e-04,-7.960433069130922390e-04,-7.431995435634281520e-04,-7.140353459304132379e-04,-7.010029116025509816e-04,-1.073752823467257270e-02,2.355563661123804219e-04,-3.999726628329419199e-03,-2.954807736541476514e-03,-1.245070464579344427e-03,-5.751974298801039009e-04,-7.638392141400581056e-04,-5.332936389978565860e-04,2.586884823351672772e-04,2.814053485145548688e-04,-3.776880243692191247e-03,2.176974431618634853e-03,2.794712777307064612e-03,3.333869741005452032e-03,3.094786813282290883e-03,2.064582295031328930e-03,1.149277980270367247e-03,1.564535006712093482e-03,8.598973385802612503e-04,-5.700807444113021758e-04,-7.366590175178809943e-04,-1.081780086491186893e-03,-9.848220744970135904e-04,-1.536553212325444300e-03,-3.897767005781921281e-04,7.674503792935053826e-04,-1.752127540709908188e-04,1.621465376638903002e-04,8.964601845853800407e-05,-8.612941637292886692e-04,-1.900935946212212180e-03,-5.887152077632885243e-04,8.878334204439458080e-04,1.492264273009223717e-04,7.840485576108898878e-05,-4.741077669417250590e-04,-1.153759172702724378e-03,-1.124302210827467664e-03,-5.338704565635067102e-04,-1.840665885975844185e-04,-5.904108726884608636e-04,-1.169692025509090454e-03,-1.366872970507164095e-03,-9.876814573534886503e-04,5.736447990473175280e-05,-1.545653291064023221e-04,-9.310289548741182289e-04,-1.357402970813011102e-03,-1.981319466951418390e-04,-2.550732769354034581e-04,-1.029705511765062085e-03,-6.700719102876993329e-04,-2.654328263990165626e-04,-4.368381145457198543e-04,-1.795141750768749025e-04,6.706944651638894485e-05,2.620224960267361711e-04,-5.624041831100037945e-04,1.321362433024990347e-04,-1.263540467829321020e-05,-7.549736109508448296e-05,-4.379793677394863695e-06,2.355347688058618259e-04,1.457966505347432730e-04,9.157223268488582800e-05,-1.029254489685526376e-04,-4.604150681586775161e-05,5.407490138655212080e-05,4.070533102642352773e-05,1.578909042099754025e-05,-1.453362172059238257e-04,-2.496101720285961111e-04,-2.354875769570041082e-04,-4.709577252011292478e-05,-8.605842809720953205e-05,-1.167588669914147189e-04,-1.675034747412913077e-04,-1.048955780557995614e-04,6.258694448567023996e-04,1.108194772904139218e-04,8.665340818365717477e-05,8.607629248110031377e-05,7.920534257467782462e-05,6.296593063028150042e-04,3.936961515101277060e-04,-1.392285483531330856e-04,-1.018359091152232638e-04,3.873198838910275996e-05,2.254041736335435093e-04,1.488934005801750273e-04,9.208383647722603253e-05,-2.133174391789649819e-04,-9.862140063040397697e-06,2.458872512439343391e-06,-1.122951820817260748e-04,-5.935895020697186429e-04,-4.817325982403273003e-04,-7.687826653170259721e-05,-2.045603853985413206e-04,2.829901638804698086e-05,-1.057711051621427616e-04,-1.012920019838070719e-04,-5.590121518530795293e-05,8.751785279142576936e-05,1.196575976629654740e-04,-2.103083834307963973e-04,-1.634603486228439824e-04,-1.292889114272637388e-04,-1.191212013181189408e-04,-2.485514037328482727e-04,-1.740440362338939532e-05,1.226737650750072902e-04,-2.302269922260813891e-05,-5.710453886923601773e-05,-6.912909432378396717e-05,-1.924363247112552107e-04,4.672745458185327955e-06,8.920655623454632366e-05,-1.761744633675705750e-04,-2.619511793953979641e-04,-1.242678935148845394e-04,-1.000154309526824181e-04,-1.560751737737676049e-04,-9.736594097702079011e-05,-6.037534886800758612e-05,-1.226234809871451135e-04,-1.101195034071241667e-04,3.552757794746370468e-05,-2.331955709377784517e-05,-8.351500688485239126e-05,-1.081231432625523760e-05,-1.536808429831654286e-04,-4.955401512189176256e-05,1.867432635652479796e-04,-5.148195385579869623e-04,-2.804320967862560941e-04,4.935722403867370291e-05,9.894980127661027959e-05,4.388042426981624656e-05,1.308260971864770030e-04,1.602701783663933600e-04,1.416734184103821982e-04,6.362374187566645985e-05,1.636412606021077720e-05,3.754262954414259285e-04,1.966352086151469029e-04,-4.793714505442081173e-05,-9.512137204650582603e-05,-4.406673293908834258e-06,-1.252116432066033400e-04,-2.309775420253348406e-05,-5.289116172473493478e-05,2.303081995579378332e-04,2.077283202902049355e-04,3.761733652549517095e-04,-5.742737880247925978e-06,-6.335035242302901413e-05,-1.430334446606492684e-04,1.709969879709643712e-04,-6.465276500976930836e-05,-3.292214705928008227e-04,-9.790757764196145413e-05,1.825033149685213748e-05,-1.002032025144857202e-04,-4.322043566765177184e-05,-6.427337322868082999e-05,-2.098121238835559774e-04,-1.363649288338801546e-04,-1.250935310463556626e-05,5.468294146976224656e-05,-1.041165711422191757e-04,-1.521326825193913488e-05,-7.977424070583515915e-05,-1.402676761398756868e-04,-5.809927407279587167e-05,1.042641567706069703e-04,1.230480265496559893e-05,-1.187516948764162563e-04,8.184510198142555951e-07,-1.553644167174236552e-04,-2.300811350287943608e-04,4.135085122437413195e-05,-1.232967247726153841e-04,-1.931349630734209230e-04,-1.401369358803788241e-04,-2.463554859012476997e-04,2.909760985562115525e-05,-1.504127298048406675e-05,-1.090286054384324074e-04,-1.570208158987189252e-05,2.031459644890317524e-05,-7.972060143697912019e-05,-2.168252707964698071e-05,6.067626652460452883e-06,-8.468256652351971935e-05,-7.048681321451752424e-05,1.160990580325723161e-05,2.442797192133927973e-05,3.120998610919914474e-05,9.540176702859741963e-05,-4.618121186774607514e-05,-6.076157846646458222e-06,6.284850760616686254e-05,-3.931977533280518858e-05,-3.494473218772175779e-05,5.058959595697457350e-06,-6.134391663642728618e-06,-3.119539900437376520e-04,-3.278795076398521879e-04,-2.198044582580261828e-04,1.893605045163676917e-04,2.107503729988772817e-04,2.450394274124265129e-05,1.720518106136192685e-05,1.303739748245946967e-04,-3.396181868369177768e-05,-7.344367143572045340e-05,7.070996772279631283e-06,3.215783795286237553e-05,1.990841397682904812e-04,1.536619646867594890e-04,1.213467311735855854e-04,8.259967440898858821e-05,5.987699266707897575e-05,-7.879085465227448444e-05,-1.447970388788443743e-04,1.925832437747669428e-04,9.936978420704308370e-05,-3.067456048802266408e-05,4.118728490362066457e-05,1.268749771474758539e-05,-1.919685796775459706e-04,-1.963291298844295431e-04,-6.514061271436089994e-05,-2.107858314889150288e-04,-6.693277976790530431e-05,-9.808417995137806299e-05,-2.408599020962677540e-04,-1.019036732055863186e-04,-1.299777185102505162e-04,-1.924561875739349290e-04,-1.517851259015703491e-04,-1.743148417608017260e-04,-3.641660108836756164e-05,-4.938443733527014400e-05,7.703267621061726269e-05,-1.614753445898111682e-05,-4.484427120555692657e-05,8.931408573294460733e-05,5.496368965807832158e-05,-9.591689506280266100e-06,-5.174432021349657877e-05,-1.032068217829138136e-04,-4.673799285341390076e-05,-6.012973749443987299e-05,-1.350609763987632446e-04,-2.064137412930737089e-04,-1.224364236861704488e-04,-1.875857444891346345e-04,-2.174968615612562768e-04,-1.055520852966225839e-04,-1.110709900914521757e-04,-1.373200683759782665e-04,2.932094204657531344e-05,2.140172060434509854e-04,1.561552777232729796e-04,-3.901373798059603319e-05,3.863080411930866362e-05,6.537847283155516942e-05,5.272666797937460237e-05,1.071318853784679163e-04,4.740567558259377827e-05,-6.696474318562930703e-05,-5.497441889051456632e-05,5.606954853649696082e-05,-5.414263003344226450e-05,-6.956337967490043265e-06,1.435622291816149754e-04,-3.632542298056450287e-05,3.682692602634632541e-05,1.128057012679129086e-04,4.188098567680983156e-05,1.160266960716251202e-04,2.379527251858948561e-04,2.191750586175580473e-05,1.919117588403872687e-04,1.869340241635315911e-04,2.052426582510679222e-04,1.493580400755552490e-04,1.123894731475207537e-04,-1.156118015438945660e-06,3.829054402596757285e-05,9.170296194163750760e-05,-1.126511269018512805e-04,-4.751811700953011147e-05,4.398643245013288182e-05,5.468847493174553782e-05,8.328185832113173010e-05,3.779101630862863293e-05,2.317780522382100302e-05,8.123402788494039130e-06,1.269669809007561927e-05,6.197600771145993356e-05,7.096494715513369031e-06,1.850578789571579933e-05,7.264210144777600176e-05,2.192319654184746034e-05,-1.398540714565734664e-05,4.114426440461433704e-05,7.114910271157084910e-05,-4.446294188593016009e-05,-5.639597738074141536e-05,2.575635805545120640e-05,2.689681728999490887e-05,2.504481980490602091e-05,1.092549945330532093e-04,4.846623832069928194e-05,-3.685278001984497150e-05,3.149491212158803824e-06,-2.786971446280721510e-05,5.441988281886288921e-05,-4.388703245589059055e-05,-7.578439936252899989e-05,1.338213531738973622e-05,-2.730867010097779229e-05,-9.142409024047913558e-05,-1.112395764412799326e-04,3.061094932579171021e-05,4.827382283242083477e-05,-9.118504815933089187e-06,9.051791450455876434e-05,3.824627003995670371e-05,-5.500841171677749131e-05,-1.027205996818516946e-04,-6.032974769386676578e-05,-1.793557196939984881e-05,-2.061788456909928308e-05,3.652097531294508723e-05,4.766921158731053231e-05,-3.198713488663079945e-05,-5.063565558379417967e-05,5.403176826394263133e-06,-1.007336998684348827e-05,1.077084259060595583e-04,9.956359489609323808e-05,-3.133100384251611721e-05,-9.756311893965880909e-06,1.543331976907851883e-06,3.504085461586646093e-05,-1.174423145663250058e-04,-7.877654325474298168e-05,5.208818630681248641e-05,-4.489126827764721616e-05,-9.524078266410757174e-05,-2.024908410855597008e-04,-9.463797890745809986e-05,-5.359921814819391912e-05,-2.119945321109322514e-05,9.056857574911748063e-05,-3.347884628747645121e-05,5.186420005289346424e-05,-6.150288289849192781e-05,-2.500274588856750269e-05,-2.035932944915732582e-05,9.516370712555257747e-06,2.453852956886415772e-05,-1.134015950842784653e-04,-6.749965287642695113e-05,2.068888196851310042e-05,5.975120327394507796e-05,1.018634048008234194e-04,-1.309748350273135539e-04,-1.608913243360766607e-04,-6.264042917163881619e-05,6.418828783310610723e-05,2.026269340300935112e-05,-7.897491536019108033e-05,-1.730926544295075084e-04,1.070492756967815506e-05,8.334758784354939125e-05,1.503974303723326093e-06,5.794339452709072237e-05,3.095991809515875507e-05,-2.507387735917531666e-05,2.475203060334380271e-05,6.857661835330005717e-05,-7.836360596363344617e-05,-6.934665988080579663e-05,7.283121732961552060e-05,6.987805406011653221e-06,-9.395038495034435352e-05,-6.808427893210727746e-05,1.069253643467800449e-05,-6.633292112775950467e-05,-1.467179390238092154e-04,-1.240427151904472183e-04,-6.119798512589056131e-05,-3.232729320862649054e-05,2.883126147326954187e-05,-2.255436181382286103e-05,-6.443318016320129075e-05,-1.169508385252715977e-05,3.047357198142773790e-05,1.681953492922888359e-06,-9.982291831368910958e-05,-1.441289809767713173e-04,-6.387751617586333525e-05,-6.399146361240162003e-05,1.947343755186357140e-05,3.585823894323718651e-05,1.990223084819089824e-05,-5.606003599661304771e-05,1.076679403508053044e-05,1.473660630165356761e-05,4.041555950376380003e-05,-1.606847229396854803e-05,-4.623781604595938105e-05,-3.900471503674022059e-05,-2.836264536709298141e-05
1.000000000000000000e+00,2.194015409910327341e-01,-6.589091849496723878e-03,-3.094833547631824569e-02,-1.609619829336291219e-01,-1.339538174139538870e-03,3.491483543741427664e-02,1.476968804013629923e-03,-1.844686225397557458e-02,-3.634053114364985300e-03,6.318090405978799354e-03,-1.818796565616184659e-03,-2.609565339006533410e-02,-1.833894809847794053e-03,-1.206383994666890280e-02,7.075081044650862426e-03,-1.571942312705843425e-03,-2.639458193622519402e-03,2.544315229246533333e-03,-2.170998636080666375e-03,-1.362750931160305792e-03,-1.002589696481613613e-03,-1.068769288543381692e-03,9.467679028925215417e-04,7.556431038088257546e-04,1.008404561898478338e-03,-1.679134370954783859e-04,-1.500533401646066687e-04,-4.016241062546782245e-03,-2.252552160563321432e-03,-1.568836404995791562e-03,-1.830018103870658264e-03,-1.225853473650089041e-03,-2.046908139747700885e-03,3.480536908866845827e-04,3.015824588363684769e-04,-3.224155801888114320e-04,-2.922424940745356361e-04,5.335482319106493732e-03,1.049378650775897263e-03,2.692826415064081789e-03,-2.718919709412977019e-04,-7.586734637232282925e-04,-1.049319303593916879e-03,-6.575767745592227438e-04,-6.220889450709222882e-05,-4.702952466853615597e-04,-7.034831876256654112e-04,4.513848225459831352e-03,4.284541293345435508e-04,6.690893113816469111e-05,-1.501773800514420894e-03,1.200142835033256696e-03,2.602069648469744739e-03,9.394593829132364023e-04,4.225067891891120197e-04,6.752067650769561337e-04,7.166209189900781071e-04,2.499148300149700748e-03,2.192375924667906793e-03,1.088897526733827474e-03,2.508550160725969876e-03,-1.377845094934763330e-04,-3.218360598270664100e-04,4.132918454679795190e-04,4.663670184131508078e-04,2.700766707002181903e-03,2.578876802162156923e-03,5.164564772281592152e-04,3.505871648140806464e-03,-4.921259792621257567e-04,1.605410296181424045e-04,5.494297222521309738e-04,2.261510479861393672e-03,-3.410845425813612041e-04,2.521465392904326448e-04,3.183893532452111187e-03,-3.925525331892898168e-04,8.588257438837800049e-04,1.412781239379417870e-03,3.868409210718097005e-04,9.988414694616801291e-04,2.650609933933423170e-03,-5.128631686202164350e-04,1.648328388139290576e-03,-5.909048029261391972e-05,-1.290867466827660959e-03,3.360664512574362481e-04,1.787916114578721148e-03,2.895572781058203477e-04,2.573727799227455964e-04,3.106128674962253941e-04,-7.701773045698751072e-04,-3.240468922464232100e-04,8.236475108965849628e-04,1.331230387829356770e-04,2.577928779726280993e-04,-3.457144523158134429e-04,7.576180454898865117e-05,-5.795383993911210394e-05,-3.404133820473227820e-04,-5.223560527766789394e-04,4.502103529702340830e-04,3.779792361493648951e-04,-9.945518008739803999e-04,-4.256588842502651146e-04,8.787343142728311135e-04,1.907581552082710321e-04,2.703757286518454570e-04,9.626025996659117183e-05,-3.705848774839844281e-04,2.942630929941472792e-04,7.742759296154034772e-04,2.284853885709546334e-04,1.417430319679224783e-04,4.303256754401737464e-04,-9.115064430872762578e-04,-3.713920904277918933e-04,-4.155430595957205185e-05,-3.216818709306641611e-04,-1.604500716096589005e-04,9.246241035388495615e-04,1.433134032584615532e-03,-1.183592817435480003e-03,-6.749509967682880331e-04,9.555705132912755730e-04,-7.834962978504851150e-04,1.081638209738564624e-03,6.204670851442981678e-04,1.066246028986841867e-03,6.081992383132134783e-04,1.909191102092755768e-04,8.166155490891598015e-04,1.167447309559652561e-05,-4.096365265121147833e-04,-3.348907825571947861e-04,-3.355349348329711955e-04,-3.138215967096214280e-04,-3.353814780106077601e-04,-3.925606006535654825e-04,-2.668058367028332159e-04,-1.439570818184902941e-05,-2.409101668621748706e-04,-4.907868017049716149e-06,-9.575302866730452220e-05,1.809040075744808795e-04,3.230814646215289868e-04,1.109128948616996447e-04,-1.881317202311937064e-06,-3.502276066007371357e-04,-1.020301896231894892e-04,-8.046038204907629316e-05,2.292614760965111455e-04,2.198795048237198819e-04,-3.530222135819494718e-04,-6.734132382483892093e-04,-3.035204849559094086e-04,-1.035745445385738677e-04,1.894182424112398526e-04,9.777864415341510848e-05,-3.248231549912694561e-04,1.128842903785597649e-04,2.620545743444375780e-04,5.031371051240607871e-04,-1.266328003013343206e-04,5.713412949126313610e-05,1.798891796556777839e-04,2.381936029524068084e-05,6.232269469125169834e-05,-7.251403872268374136e-05,-9.790432394700716184e-05,2.876708562029584287e-04,-5.905334158261431234e-04,1.825826184477882756e-05,-2.971467744713644039e-04,-1.535888943398324368e-04,-1.588641464768997171e-04,-1.634886933203050479e-04,-4.307596539570203854e-04,4.119080569004461611e-04,1.162655782911048445e-05,-9.167092022917954375e-04,9.423181105340061418e-04,2.972835226837297596e-04,3.142138937365317576e-04,2.648603334153909537e-04,-1.338975795776094116e-04,-1.724357073985933412e-04,6.150020809580557886e-05,-7.473379946513148070e-04,-3.183373053961571189e-04,2.270721386495799191e-04,3.474916006105188498e-04,-1.209386525758389879e-05,-4.344646157821111399e-04,-9.472636781311899283e-04,-2.727689193383395607e-04,7.697388554503669647e-05,-1.537632374000257561e-03,-4.963274767566029123e-04,1.526240298059430324e-03,3.809718553753577521e-04,5.866631856477818327e-04,3.201965554919270558e-04,2.598040025459567534e-04,8.016569554952656827e-04,8.449157340030748024e-04,1.015916245217855199e-04,-1.384017004592520618e-04,2.138410868091220258e-04,3.861539761942263936e-04,4.902113087056981025e-04,6.039958946518660110e-04,6.912624344757030241e-04,-8.002769155308095232e-05,-2.562572938629951048e-04,2.477325913824732304e-04,4.265269121909780691e-04,5.380007986135104583e-04,4.538521504931758411e-04,1.096566752074928990e-04,3.856458561483395111e-06,5.930642372908455953e-05,6.543980958828667961e-04,6.142968109320147505e-04,3.618191174875054418e-04,5.305325768936863676e-04,4.303502235921594608e-04,6.356709481754765738e-04,4.608379191793993352e-04,4.045310054091367006e-04,1.670747627072811416e-04,2.632832178482818466e-04,3.593347381651575785e-04,6.315392698186185916e-05,2.965556261805839971e-04,-3.949527799807308232e-05,-5.513623642564222365e-04,-1.038914047956166755e-03,-2.918793834091760325e-04,-6.254543595930610626e-04,1.319720713055678714e-04,9.481602577561938934e-06,-3.456154941286828665e-04,1.510248079749845350e-04,-6.044922266756218749e-05,-8.359242029796780295e-04,1.927987599610834764e-04,-2.565372424761053704e-04,1.424524652187579370e-04,3.025381971082783034e-05,-3.074685663895078088e-04,5.833883466166907451e-05,6.710444061293731680e-04,4.753848126839825289e-04,1.048005277899897856e-04,-2.045786736989307336e-05,-2.169305796505758546e-04,1.078536747003951618e-04,8.567644769775882704e-05,-1.921975422278729970e-04,-8.341439779143592444e-05,-2.805552610233735290e-04,-3.384513791838193557e-04,3.493487299953026282e-06,1.527753590824739468e-04,-2.189464467611285808e-05,-2.299907942767222052e-04,-1.403360939567561592e-04,-8.054433274254931376e-05,2.210388815665218561e-04,-6.383939759571292786e-05,-9.520090754116131439e-06,5.280034034915278241e-06,1.011999845391101956e-04,2.199930608803492434e-04,2.545237620000234528e-04,-7.608600871182234998e-05,-1.097384043298008403e-04,6.134269228460355425e-05,-1.375942418739563809e-04,-3.021368463872582216e-05,-5.509277813220964437e-06,1.975584955622334692e-05,-3.368084730013922633e-05,2.417743479329400474e-04,-1.497048711555564093e-05,1.216625912311856337e-05,1.840755596453842293e-05,-6.872934919292896557e-05,-3.825123324578271774e-05,-1.163813950984802447e-05,-5.607629265433723221e-04,5.307254259554353235e-04,2.440083364957648041e-04,6.513774324684046962e-04,5.680732264585492807e-04,4.277612223323143154e-04,6.613375634885879442e-04,3.219446547112902340e-04,-8.497499724245200425e-04,-1.887188325939744959e-04,6.201620578127744544e-05,-2.487400476688716782e-04,-2.631135865338319604e-04,-4.399221832635285732e-04,7.850710138781155677e-05,-7.024842426248475860e-05,-3.880749740361418346e-05,1.297084848220560356e-04,-1.520134388400936547e-04,-2.783591532021422658e-04,-1.039418297144170314e-04,4.400615411622646315e-04,4.164418975444511757e-04,2.366592594859781270e-04,-7.437844676873882398e-05,-4.238896245823725768e-04,-9.802540542315885499e-05,4.227886114178897384e-04,-3.293416045671193738e-06,2.026088015067443928e-04,-2.489874705508932735e-04,-1.085715053129213630e-04,7.279576186439851030e-05,-2.429667223845341262e-05,1.132317630705692162e-04,-1.945046675622670411e-04,-4.675011660793572388e-04,-2.907598930365187296e-05,-1.132222896895709505e-04,-5.622134840666996532e-05,1.111370952508595306e-04,-2.749863496438650348e-04,1.336830867008124914e-04,-6.260800453692905415e-05,-9.407954130646586636e-06,-1.288875371447217150e-05,-1.290306080140482645e-04,1.775908170795447629e-05,1.101284609719229866e-04,-1.040409617607773550e-04,-2.375071752892359001e-04,-5.803260421346053072e-05,-1.065154491938536687e-04,-1.609452009220336882e-04,6.431978190855423946e-05,3.438573122630806116e-04,-1.592647377581013263e-04,-3.552245646833639917e-04,-1.297705569695062138e-04,-2.118147980305012208e-04,-1.033469520375650713e-04,1.369027411450691358e-05,2.165502702396316216e-04,-6.286483802806545299e-05,-1.483495066181962456e-04,-2.177493050086408400e-04,-1.100558123512886160e-04,-1.367837096821421285e-05,-1.194668751431975041e-04,-2.950127142697948204e-05,-1.140200291668040590e-04,-1.673675305169212177e-04,-2.031832790132001403e-04,1.875420066921296329e-05,-1.253813106402502963e-04,4.019024559358543264e-05,5.335884043199705986e-05,-1.070170034397399975e-04,1.700036981655865466e-04,1.614185264154509758e-04,-6.615352531491170264e-05,-7.336347704624656264e-05,6.872605416022389173e-05,3.110169238980811462e-04,1.361949346645831608e-04,-8.828892105010019474e-05,6.294217902970938698e-05,1.934911342829520077e-04,-1.822566869342013394e-05,1.314869327427207286e-04,2.493899031112109034e-04,-1.181122469817441521e-05,6.196477523743034008e-05,2.182159820495246171e-05,-1.294400540134161397e-05,1.352165461362240953e-04,-8.160076131352887925e-05,-1.437499374449417403e-05,-6.554564508955566305e-05,6.366841060349921386e-05,-2.658343532986529229e-04,2.107958806670748116e-05,1.366017888064671954e-04,3.174990401204702095e-05,2.096042534539890054e-04,-1.608365120252946707e-04,2.714605709222100679e-04,3.226624584718487372e-04,2.103371988099596675e-05,6.318701263445083483e-05,1.734062715666487525e-04,-1.869411040813837141e-04,-2.070355153517103883e-04,1.428915540126030981e-04,-4.764022060598768543e-05,2.053041289674183807e-04,1.536188406442550111e-05,-2.217966866778255650e-04,-2.593198291729995029e-05,-1.561335040693500123e-04,1.587794847474482420e-04,-1.232899460343225265e-04,1.360386153561295985e-05,1.894376430151133595e-04,-1.060991097928077682e-04,1.066134212422821589e-05,4.161609915983685879e-05,-4.265511274047165265e-05,-5.723355462182545475e-05,-2.301623439099136439e-06,4.411877663954308853e-05,3.101910684575234756e-05,8.901690272329448839e-05,1.554139272733410626e-04,-1.050991962527571461e-04,-1.042767920739256159e-04,-1.031699280181952227e-04,2.239349745576683850e-04,4.928758303548886855e-06,-2.780343025486959772e-04,-1.010454675683060459e-04,1.636849580410027312e-05,-7.866249527062546551e-06,1.148499078853633756e-04,9.858838468924256674e-06,-7.648726058613027144e-05,-1.287155900519172148e-04,-4.179879021929113424e-05,-5.133309756036711795e-05,-1.408574322825641384e-04,-1.252503233022903028e-04,-2.211872531357519922e-04,1.193857274486753088e-04,1.349582199819207454e-04,8.422643998524062699e-05,1.233797028267757030e-05,-4.101499437136143079e-07,-1.301617126755144307e-05,9.935363363343292255e-05,8.094735653895043185e-05,-5.460036181752831962e-06,7.791418502236127423e-07,9.237698048613001507e-05,9.859549427084186651e-06,1.663382320085890769e-05
1.000000000000000000e+00,1.519255287087148409e-01,2.366663334418966924e-01,-3.466860873972686663e-02,-9.033483001093525755e-02,7.212020693933086750e-03,-1.465529974567228791e-02,-1.424912089118161168e-02,9.347604155442905752e-03,4.633952058115412866e-03,1.806739687617388290e-02,-8.515578727665906039e-03,-1.191747797973837343e-03,-4.128892996551531184e-04,-1.876400846871529096e-02,-1.572705989018447848e-03,-8.265854768854331489e-05,1.302631376347028794e-04,2.059216523492788612e-03,-1.987120373038027323e-03,-9.440695451262902079e-04,-1.013124950544904085e-03,-1.512023885345356198e-03,-4.027979925148323509e-04,-5.310202138662888224e-04,-3.106735236523998963e-04,1.305899041319943628e-04,-9.174281578433645442e-04,-1.467949120067949583e-03,1.437032251645773426e-03,4.347606161131227915e-05,-5.132392965545227699e-04,4.312059246434986380e-04,5.297671673857896890e-04,-1.339046637226724552e-04,1.438447391017479984e-04,2.293293930786292564e-04,3.164136076219240565e-04,-1.030350045354543878e-03,2.371864959483118394e-04,2.607510745835397948e-04,-3.395400596943512874e-04,-1.859038732490272733e-04,4.574622418040154011e-04,4.223151060773432911e-04,-8.447177925808625572e-06,-1.340283563655146376e-04,5.921326810535383958e-05,-1.113259030118197339e-03,-2.235919284573195795e-04,5.751749215601601253e-04,1.496214434181301640e-03,1.900587635446368345e-04,-8.549164629784034432e-05,2.759114049375088664e-04,-7.635321261734922887e-05,-1.416107052176432282e-04,-2.793950326875452609e-04,-3.427399679669931799e-04,-2.470659379053939545e-04,-7.435744109066881168e-04,-1.034943560589901296e-03,-1.773926406908587496e-04,2.267955270428458753e-04,-2.177624944020298747e-04,-6.752361748997473111e-05,5.238633523404590908e-05,-6.419721702002710714e-04,-1.024956722977682106e-03,-2.859656798632890422e-04,-1.731599461734249150e-04,-3.784949440116014180e-04,-2.392046310610544549e-04,-2.103729560658548054e-04,-3.685854714857960930e-05,-5.958925082049297377e-04,-6.831061953405995462e-04,-7.492841425139590663e-05,-1.456302781825072486e-04,1.294935021875982296e-04,-2.152043689929644470e-04,-7.006088032248183883e-04,-7.867090848343986128e-05,1.773015544523087066e-04,1.529684911158983183e-04,-4.800019720954693610e-04,-3.038730253648765632e-04,1.049485404584401123e-04,6.716170657102994560e-05,-3.419111223635898280e-04,2.724200673067537481e-05,-2.493025781577492888e-04,-6.299182348887799306e-05,-3.485587823443323354e-05,1.147536246218006567e-04,-1.052326564701035221e-04,-1.748156971143144476e-04,4.678646329620999883e-05,-5.971586774760087784e-06,-1.608202052794695247e-04,-1.187915586712365323e-04,1.558495905246889675e-04,-3.714302691448997804e-05,-9.317123751181688809e-05,2.814111516107587304e-05,-1.827266803540684238e-07,8.138924048755219768e-05,-1.498425428170251539e-04,1.675866664082097883e-04,1.261638626814335501e-04,9.147586360166293359e-05,7.219070432708160567e-06,-8.150742938188462565e-05,-3.500471085163005796e-06,4.637931851020008481e-05,1.102931563190084163e-05,-1.068231582846598782e-04,-1.936009523648013226e-04,5.501371936825881238e-05,3.311110159330677398e-05,-2.318533082501170184e-05,-1.450478590673689742e-05,-1.186035760404856591e-04,-2.599033215987093821e-05,-7.507081775448038060e-05,-8.658257897186560003e-05,1.471438849773336539e-04,-1.576467097491349807e-04,-2.985228262721079302e-04,-2.524363444720208204e-04,1.530629541505287210e-04,1.839165450172293784e-04,-2.692033568183443729e-05,-2.912515367667004577e-05,-2.870315162244324128e-06,1.480111153856273965e-05,5.511698827231111263e-05,1.281347878909034428e-04,2.666516345096248467e-05,1.497126004287945464e-05,6.313238887124948304e-05,-7.262640316057969939e-06,-8.229783237006051662e-06,4.373498506075582288e-05,1.804910409868214845e-04,2.786270283155487928e-05,-1.457583077490292473e-06,6.692695539715662703e-05,-1.288682830749347324e-05,-3.914887002187335713e-05,9.076387530536133902e-05,2.151391947236887129e-05,-1.810541984129959448e-05,3.367342146143165985e-05,-3.832013479735375908e-05,-5.412904420477796365e-05,-7.185856613955491604e-05,-1.614720890394305748e-04,-1.164108966093918123e-04,-1.867059157217202216e-04,-5.945263376058435560e-05,-1.098758469496320916e-04,-9.198827076848308882e-05,-7.305026137853483728e-05,-4.270158767814477145e-05,2.252444280239589210e-05,2.991151492245125803e-05,1.499409345227281545e-05,-2.176101213010951232e-05,-7.708900665231719607e-06,-7.261145088080933895e-06,3.140735614744874412e-05,9.303372897130126270e-06,-7.233452274526051926e-05,-6.007738182487186484e-05,-5.787698509839354330e-05,-1.144733394509275988e-04,-6.125248956089044544e-05,8.107816525141854538e-05,-1.261051543291737077e-04,-5.674578535972887573e-05,8.202921366548073152e-05,1.263093250828831518e-04,-9.120813939000521945e-05,1.799745006436255772e-04,3.328670282721198710e-04,1.852405063033742345e-04,-1.363645987124305012e-04,-1.705801702208586859e-04,3.584319141590707321e-05,1.058230922384501200e-04,7.058523900338052517e-05,8.322752772281554129e-05,8.817902316327232278e-05,3.947123578018480030e-05,-2.186311343745680263e-05,4.215995387722259839e-05,-1.747777026274487469e-04,-2.745326562234521106e-05,4.066132303593970898e-05,-4.177132595569339599e-05,-9.237808098416266966e-06,3.969246776800095444e-05,1.932194108153818563e-04,8.180965260617556348e-05,-3.980104765305232857e-05,6.403245220596409366e-05,3.025180887656876843e-05,-7.178712359263793698e-05,1.843937232397844215e-05,7.564511643591315549e-05,9.525747747482566827e-05,-6.292987418213703138e-05,-5.358207536678062942e-05,7.091681925917716429e-05,4.856368993701897520e-06,3.902110166190737200e-05,1.097179136967154489e-04,-9.230802751551505817e-06,-3.788064557845788257e-05,1.459037562794424342e-05,7.154734837888319379e-05,3.579239072893835915e-05,-2.849755066327160872e-05,-6.856704332374836616e-06,5.943335185454536225e-05,6.039775861984998781e-05,5.213376019531584609e-06,1.258335825989490367e-04,1.417830848032645432e-04,5.437018815835236612e-05,7.951577969841153442e-05,8.985432826386685113e-05,5.583089232184073166e-05,3.123345925345794618e-05,2.275359543276399120e-05,-6.547459796265881790e-06,-3.104590941590401739e-05,1.857352876564314942e-04,-9.882047092399533477e-05,1.161275737003986916e-05,2.174692775481132097e-05,3.158575595823722825e-05,1.765165468728936108e-04,-4.710834205254947594e-05,-2.069303910613151383e-04,-4.442073179665143896e-05,-1.935935565642907022e-05,-4.795310893270449067e-05,-1.181161315571780529e-04,-1.177445628615730948e-04,-1.077071074182995604e-04,1.259082169638533788e-05,-9.701400086700103732e-06,-4.278289083983156048e-05,1.758538790091238075e-07,-6.048165172956524577e-05,-1.022477830274496008e-04,-5.392806488815773627e-05,3.418963385944098960e-05,6.064556471860603785e-05,-1.957239998874218251e-05,-3.734357167733041131e-05,-4.724925746861003860e-05,-8.352442500674948835e-05,-1.204020575838955548e-04,1.210457837375328283e-06,-2.416673546376219646e-05,-7.756380940960818136e-06,-5.764918799395548217e-05,-6.218845843786104544e-05,-4.877209187860993118e-05,5.234640433780733242e-05,4.461702412685915776e-05,-4.373199938631228411e-05,-7.524389399141285107e-05,-3.574049732537622047e-05,7.130820611303002041e-05,1.008174806978969407e-04,7.533844175988299011e-06,-1.588773497862884656e-05,-2.107944283267004508e-05,-3.543866755119265485e-06,3.987143838055724927e-05,5.409739794013762289e-05,2.694026469243356275e-05,2.376816697410321814e-05,2.974288820937202638e-05,5.764115815944684716e-06,-1.973164748205366481e-05,-4.884832688631709087e-05,-1.008967590081146134e-05,1.143274644773927641e-04,-1.181034725890714774e-04,2.244600595882732558e-05,1.628977629977272103e-05,-5.234785180372964820e-05,4.742808081811659033e-05,-3.818485197170583641e-05,-1.134408171929838393e-04,-1.678839509912877375e-05,-6.529114145116729450e-06,-1.100269217251099264e-04,-5.584228484326651213e-05,2.827301678111112645e-05,-1.853540188978332505e-05,4.937383909273450013e-05,9.481108831818830423e-05,3.289462494229834381e-05,-8.554206022422797739e-05,-9.222859538138743283e-05,-2.132400875875391957e-05,-4.256218036784528312e-05,4.842837943225868839e-05,1.363353622648416478e-04,9.972562120500197359e-05,-6.258100251993370020e-05,-8.824483371954055274e-05,-4.652265032532439354e-05,-6.487455710715289291e-05,8.928048346845476337e-05,1.114042772603257613e-04,-5.725009436669064547e-05,-1.082264672413124575e-04,-4.682826916839949650e-05,-1.467739427797780018e-06,8.664058071200999255e-07,-1.773324750602542121e-05,2.439644534335858351e-05,-1.144250850663310913e-05,8.460571824369498862e-06,-4.657529091289087063e-05,-7.031940543763908445e-05,-1.191861322794211274e-05,-3.378788014608514404e-05,-5.343412370451608971e-05,-1.159680530195628764e-05,3.509008131551992469e-06,-1.559109050752668644e-06,-3.010460017387263138e-05,-3.040021546286649553e-05,2.450075393341329510e-05,1.697821372001640124e-05,-1.650252723208281660e-05,-1.355081714212359276e-05,-6.926464764530932284e-06,3.172701067427938877e-05,2.063175798426071804e-05,4.451093281423336011e-05,7.164995783533698330e-05,-5.676709780177297241e-06,-2.939737648723283824e-05,4.435817705262760918e-05,-1.043103781686347186e-05,2.519810625925346967e-05,3.139786836048051089e-05,1.327769327856811550e-06,2.447876634068877461e-05,-2.552752058820658085e-05,2.655201108305996880e-05,-5.035705550113752855e-07,-3.255869763757052442e-05,-2.814173695703301351e-05,2.372616127449389461e-05,-5.224636683201921582e-05,-7.960195745625377889e-05,-2.027843747098136758e-05,-3.985236188316489077e-05,-4.962856407143002011e-05,-3.277552736998959572e-06,2.190413147239251409e-06,2.604797805967757598e-05,2.597343865296151901e-05,-1.646096041735444212e-05,-2.027628523533686931e-05,3.649353440340871632e-05,2.175137693955558682e-05,3.573012002928447012e-05,4.874451765361598963e-05,1.789298355995772979e-05,-2.990392191045680335e-05,-2.469625102377597290e-05,-5.169968899405582663e-05,1.195646256911445857e-05,2.334916197717380992e-05,2.516557074357448606e-05,-6.830953805614977791e-05,-7.536768894485199890e-05,-5.701889691344432789e-05,-3.136029506434755300e-05,7.959617265943302734e-06,2.484395059309812907e-05,-2.825457371523918952e-05,-5.703629212535668119e-05,-3.151620836297876304e-06,-3.694073354816362003e-05,-1.249369303595048743e-04,-2.275986293614885481e-05,-3.565269441782337742e-05,-9.536168181291247142e-06,-4.347635782952612306e-06,-2.054408361119252922e-05,1.007250956804873796e-05,-6.967430659949210455e-06,-1.777440480376880287e-05,-1.557226237907622193e-05,-1.239497429485172302e-05,8.244323574843835566e-06,-1.908302248558464947e-05,-1.096354437332653720e-05,-3.178649999204996357e-05,-1.477689151289980442e-06,-6.176849462086011060e-06,4.495122337443243265e-05,-2.636607477730062825e-05,-2.949110360220200184e-05,-2.297417339608485136e-05,-9.534026439220067025e-05,-4.684418153926688270e-05,-6.405288689595248772e-05,-6.420426597164496040e-05,-1.993761126426813729e-05,1.028147979023777603e-05,-1.196045050980859716e-05,2.841636840010009652e-06,4.409449502853418809e-07,-3.995068297728914801e-06,-4.463417217753785882e-05,1.090388055588278937e-05,1.044001085777424898e-05,-1.713888984255655372e-05,1.246989412585638970e-05,-7.123807899440357276e-05,-5.277833392697883682e-05,-5.634676208039087722e-05,-3.467906012304464288e-05,-4.802662624856246690e-06,-2.744909004695725397e-05,-3.759975548255808762e-05,8.255212765084279567e-06,-5.078852323349637138e-06,-2.355169256241982265e-05,-8.262131453872998950e-05,-5.230122473911187527e-05,-4.825200033714554534e-05,-3.575752326355644353e-05,-1.351907160156492320e-05,-1.226608576105943512e-05,-1.926814178160278089e-05,-2.248404885978090646e-05,-2.198188748477239695e-05,-3.960033443139567640e-05,-1.272921683549138351e-05,-2.239198223819659743e-05,-4.866078938513477816e-05,-3.116450861079588999e-05,-3.529423744570937672e-06
1.000000000000000000e+00,4.232063648185963034e-02,-4.807201845386042255e-02,-3.511009125450118007e-02,-1.001177733046627362e-02,-1.473296096242434315e-02,-8.731693183325135027e-03,-7.007730560405231977e-03,-7.040651227401324534e-03,3.642038966555349432e-03,-3.374412518044591410e-03,-1.648264725679919563e-03,-7.616818509434817273e-03,1.667326872455001481e-03,-5.244372853868570434e-04,-8.150248053356504022e-05,-3.262478544462010712e-04,-9.009375224809133354e-04,5.348716198475681523e-04,-4.338295041673374862e-04,-7.496509901327290957e-04,-8.339326926808579956e-04,-6.252596862569575900e-04,-1.057103182122746211e-04,-4.271317351193323507e-04,-4.613788389268786761e-04,-1.170124186932059438e-04,-2.831404157213617163e-04,-4.778869375663434755e-04,-1.169551149307291395e-04,3.356028915086106982e-04,2.291783087259949574e-04,-2.438678410019548862e-04,3.100702462390250242e-05,4.998069601555051164e-04,4.703802322581015377e-04,2.832791420488837736e-04,7.916724791102567498e-05,8.867935902568584508e-05,-1.060702271634020747e-05,-9.798190662954942944e-08,-1.187402274241293248e-04,2.519642336242831630e-05,1.969463158712293476e-05,1.791714502074591520e-05,-1.169782045015684745e-04,-7.457344666671322504e-05,-1.491420259260390149e-04,3.276052996094188903e-04,3.187636707790349888e-05,-1.244623616298276612e-04,-4.947285024200382417e-04,-1.248459624883464032e-04,5.246434944005536841e-04,1.365177194523726036e-04,-3.333650962684879364e-04,-3.457919656113714302e-04,-8.336333889879648509e-05,-1.677576234533228084e-04,-5.143938894617594874e-04,3.293217802759583609e-04,2.323802323692706159e-05,-5.196517715873466298e-04,-7.729060389905944878e-05,1.701802994804923057e-05,3.385350073925762399e-05,-3.323174161334566286e-04,-1.820085945208188560e-04,4.153480114331717463e-04,-4.710243879145928716e-05,-3.816959165221855759e-05,-1.210702257379234587e-05,1.652032278738878605e-04,-3.416344847495049160e-04,-9.958225850383072356e-05,5.375049833383904871e-04,1.215424065074412977e-04,2.062586695957811889e-05,1.728522899082985642e-05,7.169135470831389755e-05,2.042220699496282877e-05,9.826663380189533631e-05,2.144601456718942553e-04,1.871818929927790561e-04,-4.592083098100055698e-04,-3.128246293411591681e-04,3.447513100241689953e-05,2.382983729001783883e-04,-9.683004303787868714e-05,-5.326989805276550159e-04,2.413307330521200856e-04,3.716258442152640409e-04,3.321447025738482033e-04,1.128741785114764651e-04,1.825991357994767030e-05,9.935230749869368341e-05,6.496438511448890667e-05,6.862830214886378433e-05,8.606157600966921702e-05,-3.566473518049836390e-05,-3.027225881196218160e-05,-1.458557321599314749e-06,4.333413143849156263e-05,6.549052471273926822e-06,-3.684957517880901970e-05,7.654443879795931670e-05,1.571865870916168908e-08,-5.078938049160078262e-05,-1.971612544914028845e-05,-2.133675470794775842e-05,1.119000157339411776e-05,5.859007904159737728e-06,-7.200002416189601009e-05,-5.075279392577264944e-05,4.996633785656352231e-05,4.006874539030643394e-05,8.057851845252793853e-05,3.153142955360200763e-06,-5.108120267269237250e-06,2.811881680197311835e-05,-2.961641798068483238e-05,1.082610116795595978e-05,-4.530730453202727934e-05,-5.393510350463183797e-05,6.804333377055100495e-05,1.501229662573859893e-06,1.152127554420528133e-05,-2.863821089350054153e-05,8.974507270916523227e-06,-4.254124999278964592e-06,-6.652090274554321541e-05,4.037674653758530459e-05,5.189649168424011536e-05,-5.484117549082690491e-06,4.057014658843350273e-05,4.140267476928259166e-05,2.086373211441687071e-05,-1.044334608442446972e-05,1.737693377735050439e-05,-4.215598790654697834e-05,-9.798729677873789727e-07,3.239468941326827616e-05,-1.898781455379879048e-05,-1.426724589048856245e-05,-2.565460329236316756e-05,-4.961524974355077924e-06,-6.271226686272837248e-05,-1.592520691837448122e-05,3.606342267649809418e-05,1.223054247349114725e-06,-9.745975124312735070e-06,-1.049741116639445956e-05,-4.584474871973022735e-05,-4.394006214751157961e-05,2.384048816184465913e-05,5.971120550912648544e-05,5.463725865967343818e-06,-5.138390533327889749e-05,-1.145514336307091344e-04,-2.043955992749649423e-05,4.677748215772162905e-05,2.012912622177985417e-05,-2.209501770857627852e-05,9.207992326181358312e-06,6.242124544243086949e-05,1.675867553458500132e-05,2.571451954689181769e-05,3.376445909464138276e-05,-3.063319239395766803e-05,-7.023415287195683876e-05,-1.698201637786157545e-05,1.173704632880985916e-05,5.151978692118657128e-05,4.196686574988210753e-05,2.102484676261290189e-05,2.170205999802375088e-05,-3.527585394860391067e-05,-7.705888874878922331e-06,3.352380011230585972e-06,3.078837288319489959e-05,5.302896746700064441e-05,3.299781473007984313e-06,-7.600229473276843238e-05,1.887628387560891935e-05,-1.091407331178256664e-06,-3.271184367243657853e-05,1.208361195756626512e-05,3.453307756006691274e-05,-8.906826219140034039e-05,-5.926788229882566108e-05,1.258300975910795349e-05,-5.981216553786432972e-05,-1.750300988350050364e-05,-3.444564259879279394e-05,4.070696241411160706e-05,3.043880321220136944e-05,1.274258121446564749e-05,-4.611841761196930562e-05,-4.073650297479172375e-05,8.649951746488544822e-05,3.742622376952931110e-05,-2.218959372114510744e-05,-8.182526237820991129e-06,1.225422071081076075e-05,-5.659306700986402396e-06,-3.699843429738038715e-05,-5.311836982346835993e-05,-1.154023491176661328e-05,3.327455227367891031e-05,-1.492813399029789313e-05,-1.853295550557389204e-05,4.611783683281789055e-05,1.034579296935844351e-05,-3.626409640754517919e-05,5.851161291302929248e-05,7.741701182410145232e-05,4.632795111275946564e-05,1.020286249277713416e-05,1.730597362512760416e-05,8.811062974623738416e-05,2.694032035269488162e-05,4.026010075580965130e-05,-4.293204556395633677e-05,5.538898414395948761e-05,9.501819863400250653e-05,5.817483312040421492e-06,8.908713478473462527e-06,3.241391568883977213e-05,3.394911780050536963e-05,3.558246997497180764e-05,-1.614586166809807132e-05,-1.806897042686369769e-05,-9.817882581350746891e-06,1.610791446063880421e-05,-8.671061703719126493e-07,1.237299649972310193e-05,-7.465388559111516363e-06,3.177071079126264928e-05,-1.433578313788438981e-05,5.109793465477206428e-05,3.045667644315664722e-05,-1.985256072628981437e-05,-1.109930718616994016e-07,8.308353653174792124e-05,3.409005128572328158e-05,-4.115950254629004704e-05,-2.601327398301656182e-05,8.249779468258706562e-06,5.525754271182619800e-06,1.396317337348973355e-05,-1.384525880113648684e-05,-2.875395143917902299e-05,-7.039851314987205391e-06,7.579454871076481469e-06,-8.436841967561751969e-06,-2.997656297771991206e-05,-2.127178311972638460e-05,-4.984047229833138220e-05,2.137604101177981134e-05,4.191666054208136928e-05,3.376407147984542993e-05,9.378054619450008981e-06,2.770473361854059149e-05,3.385454275990121661e-05,-6.482406549723798876e-06,4.251333009211746264e-05,6.422218967475151416e-05,8.143583081923293210e-05,3.836414512369318075e-05,5.836888710728017926e-05,4.889014344542783936e-05,-6.327514591806350878e-06,7.332393911081465009e-06,3.595206473417553004e-05,1.000297989988358646e-05,1.429131898058264230e-05,1.112085672508544121e-05,2.987986332779573372e-05,1.737854189526384204e-05,-4.228954467657058470e-06,-7.113450144851807825e-06,-6.765430717375846299e-06,8.458922376133516408e-06,1.337354701953097567e-05,2.945447044054843450e-05,-9.436435260682709809e-06,-7.398456697381810602e-06,5.013188164187978689e-05,3.958018510297692255e-05,5.379544247916745800e-05,5.066732057938391558e-05,-1.020554045728034891e-05,-3.741988962561968144e-06,4.003666833673643184e-05,1.386504874239685126e-05,-3.509552231021663155e-05,-1.212151186622994865e-05,2.821636363205322581e-05,-2.042753772283207087e-05,-6.893692544775623468e-05,-3.192057945016921558e-05,1.256479826209841867e-06,6.646389246675258992e-05,7.601909607459319184e-05,2.902204439608383236e-05,-4.242986732245361320e-05,3.153162612982781548e-05,9.023668653671089847e-05,4.035284118957451486e-05,5.189357402657836536e-05,2.939580054661618250e-05,4.425284335989537683e-05,-3.581630283858131696e-05,-3.104284752072290527e-05,4.811831993440470921e-05,1.080608028715629360e-05,-1.074939494189653367e-05,-1.684504424176409016e-05,-4.326610273141907008e-05,-1.421205052251784602e-05,1.776374455664698422e-05,-1.719808921105005294e-06,-6.014507138577816260e-05,-6.290659553143504890e-05,-3.392818558725173414e-05,-1.918015222870529776e-05,4.626148544540468230e-05,-1.302261693132045888e-07,1.649497482011370080e-05,2.570746458468950027e-06,1.822098851771688916e-05,1.813603127745242691e-05,-1.005634755789263741e-05,2.514189227821984565e-05,-1.443287705932525665e-05,-1.483724564497417343e-05,-2.703162610239871928e-05,-3.283303070061494054e-06,3.464198031017169828e-05,-2.456673673491351173e-05,-2.676224061780567786e-05,-2.220507873205980026e-05,7.618963266619991452e-06,1.612708554410451477e-05,-1.964292740541276911e-05,1.345318983041998346e-05,-2.485404244386825058e-05,1.961312313141304507e-05,-8.579944131000843033e-05,-4.921766634324694414e-05,4.323871296013467093e-05,1.565369771485680401e-05,3.028826289222864515e-07,6.054220902440527649e-06,2.808546244632693207e-05,-4.932631798942008916e-05,-8.104438006061517332e-05,-3.350921296109576642e-05,1.714550721052982260e-06,7.897296563985680144e-05,-7.305612332430734291e-06,-5.675376389701076844e-05,-6.115662778436913515e-05,7.183673431826285096e-06,-3.134741144626728563e-06,-2.267207906949714094e-05,-6.753238442649281219e-05,-1.046402882569225372e-05,-2.780681998066830005e-05,2.445332314285170478e-05,-1.323176073383677354e-06,-6.815511789404133500e-06,-4.989318545522207314e-05,-7.321912941279233282e-06,-5.754198805367987226e-05,4.311644963923005625e-05,8.848109390256178770e-06,-4.183246649111854249e-05,1.244134577843034318e-05,3.086309484583170843e-05,-4.602694721331790904e-05,-3.243348089411336174e-05,3.566762494998596271e-05,5.180230897899508214e-05,-4.459111697445128456e-05,-4.278920912066386657e-05,-7.527688366209673145e-05,-8.758803721551355714e-07,7.791418527548164266e-05,-7.488487355917126979e-06,-3.112648491147527194e-05,1.018315943770056094e-05,-4.459252801807519551e-05,-1.293982022099451350e-05,9.048551862673359154e-06,-2.722010382927782414e-05,-7.150054825848048835e-05,-4.463211219890773256e-05,-2.087596478359101253e-05,1.578134978751520045e-06,8.281332263406022335e-06,-1.214270906114002848e-05,1.902154820057969098e-05,-3.508310302717466462e-05,2.918142283388712297e-05,4.444962612193315737e-05,-1.901681336646156707e-05,9.195785200310943892e-06,-6.480371018501911932e-05,2.940350931827885247e-05,4.605890181328006988e-05,2.303588664517028720e-05,2.538172161916480655e-05,2.174170165962708381e-06,-4.519034495797755681e-06,6.253015447271359115e-05,-3.141521169161767558e-05,1.193549422881950283e-05,2.126106437170596560e-05,-7.589488880010313719e-06,-2.734870112321126647e-05,3.140775530063834972e-06,5.897675635516696650e-05,3.474212336980207939e-05,-5.259037663660170597e-06,1.296737740679222073e-05,-1.109333545144375983e-05,3.448888133342353784e-05,9.939022754773867640e-05,8.278182055110673598e-05,7.505965926246285063e-06,-2.631685629739964597e-05,4.525379776163247200e-05,9.812881091551140932e-05,-8.287492563257127946e-06,-1.242299081554710677e-05,-1.825843444191043195e-05,-2.228283386130562498e-05,9.008080110701280013e-06,3.408253711390871182e-05,-2.157191936310787740e-05,-2.924781648936682597e-05,-2.999057538905457775e-05,-3.001499567710109515e-05,1.875717148687618260e-05,1.947955907666045955e-05,5.779995520242981125e-06,2.033613996407256840e-05,1.694889520122211184e-05,-2.761141376781534978e-05,6.262817778785847501e-05,5.407757981820027231e-05,1.244575208045006687e-05,7.398447354417107619e-06,3.067730290054521998e-05,-1.194415073893077756e-06,4.237643378910454862e-06
1.000000000000000000e+00,9.559286081129103607e-02,7.507871512073624985e-03,-8.700407217508256130e-02,-2.557393592683630812e-02,5.601841661709642574e-03,-5.491626406512988001e-02,1.302515302575577884e-02,7.305298372278456326e-03,1.646585532930866513e-02,3.396899002952312972e-03,1.863917894576372358e-02,1.444421167091316464e-03,1.535086034820746896e-02,-6.641327734057645218e-03,-9.954887368791669449e-05,-1.411449050221134493e-03,-2.647943646357204129e-03,-3.298050512989159251e-03,5.212683262666437719e-04,8.083988850026715099e-04,1.522897253979317448e-03,4.406617653271857279e-05,3.598269949881900284e-06,1.388333883633508545e-04,-2.649839786133370560e-06,4.568088461963889005e-04,3.310928356806157520e-04,2.992989674359263896e-03,-2.048129608614801880e-03,8.712203253563918087e-04,4.677546877779479510e-04,-2.027301489780048511e-04,-6.694172765897157080e-04,-2.043840191515468850e-04,5.406476542549805170e-05,5.205654551577532443e-04,5.804508654458463224e-04,4.443802149865665511e-04,-3.860180048330263567e-04,-1.689906182755011562e-03,-7.900895412508650946e-04,-7.585326170128837324e-04,-2.084106034750947412e-03,-1.712984367118614449e-03,-8.552284608529399888e-04,-7.078782755756684057e-04,-2.678160965217650665e-04,2.019753279051370119e-03,-1.638778806303477133e-03,-1.298107933121961594e-03,-1.634966431988127628e-03,-1.673889272326821703e-03,-4.204942893135289609e-04,3.986882086940303342e-04,6.906715827681376898e-04,4.272027543666982925e-04,-1.290916962535870091e-05,6.262611855603184398e-04,4.491317511550425379e-04,1.384264341589044173e-04,1.626270264963981284e-03,7.949406276694082583e-04,-5.993950979074192222e-04,-5.846165140367765110e-04,1.747901989336185459e-04,1.852551349057352653e-04,-6.577833707292930765e-04,6.169763138954044435e-04,1.897117148953275960e-03,9.349965444923938850e-04,-3.818527821153748134e-04,6.255843015124629928e-04,1.977948305313999169e-04,-9.792237609014817819e-04,1.157615484775953397e-03,2.253088165252295234e-03,1.062786138247965619e-03,-5.791270303043518150e-05,-9.396877861420577325e-04,-6.626584421908282216e-04,4.430842997257150606e-04,1.138843179370427425e-03,-3.939187879238978309e-04,-8.967450200966621890e-04,-6.508833192900114178e-04,-1.780605769762759873e-04,-5.572103144141529160e-05,2.283215860245670873e-04,-6.420185990101959965e-04,7.332228934318677210e-04,3.298048516005618264e-04,4.182820596508778966e-04,-1.299489678243601878e-04,-7.509705838858508030e-05,4.781361885451847183e-04,1.130388171640796051e-04,5.338203389532943956e-05,1.109429809528897820e-04,-1.994771709500726888e-04,-7.192934292422558610e-04,-5.202148498172784680e-04,3.182635587441594457e-04,5.464287987671139689e-05,-2.217995312690549347e-04,2.922645649402612374e-05,-1.186643382768721316e-04,2.690292816112299428e-04,-2.422356412819706012e-04,-2.469970870898244948e-04,-9.676279853997347752e-05,1.639289184844719709e-04,1.248405522557436353e-04,-2.126535899979218409e-04,5.887522766120966892e-05,1.779123925208591186e-04,6.368336680487573240e-05,1.237027236158784016e-04,-2.244632264327198461e-05,3.619225042708963972e-04,2.302974998739535306e-04,-1.556394308448149624e-04,1.427898559207455389e-04,-7.285219224937559848e-05,-4.750315725685289384e-04,1.222490682859148200e-04,-2.976043971590755502e-05,-2.457817511987035394e-04,-2.910791670640740778e-04,-3.537362091998180074e-04,-4.816624149477423964e-04,-4.309296964072523205e-04,-1.811512967053061042e-04,-2.887963659082892548e-04,4.305655100115211696e-05,2.531193572644489277e-04,4.208337592295364050e-04,2.976163005978351480e-04,2.953292629048490862e-04,2.484780770730932436e-04,2.892331999079745196e-04,2.407148715066409960e-04,-4.995258151244952712e-05,9.486817188367480125e-05,2.506291475849466936e-04,2.327105017943002980e-04,8.781227894061784253e-05,2.085239868937440084e-04,2.331128498691228848e-04,-6.577675326312231634e-05,1.891426056368144073e-04,2.200196115968870215e-04,1.391014014443875879e-05,1.795136620553648634e-04,2.522161448749199344e-04,-4.489145067197853044e-05,1.496836213347622424e-04,1.547680112085069750e-04,1.819203951651898429e-04,2.653955271531241878e-04,-4.626967554508617278e-05,5.838124604737954194e-05,9.598048575039246392e-05,1.524352025602003025e-04,-5.240457896678927358e-05,1.043504426509519870e-04,2.635272226947248564e-04,-3.506079990548089850e-06,1.305860192225948154e-04,3.133039395528777786e-05,-2.145483920186387215e-05,-1.227265267633413106e-04,1.293026741139867485e-04,1.281049659264195297e-04,1.511104043969616723e-04,1.511902392734031141e-04,-3.309401291927612112e-05,-2.155563681903590548e-04,-4.698553458264599099e-05,3.655341963943414233e-04,8.558684083401153818e-05,-1.512139887351055391e-04,-6.166315117486201227e-05,3.067809512494389194e-05,6.298346799673022593e-05,-1.755275423772505357e-04,-1.235078328426617467e-04,3.750286471731259226e-04,2.047485967268173040e-04,-2.502548398032248926e-04,2.372456941823374498e-04,4.233519521627349212e-05,-3.231541838244430159e-05,-2.147504383854331679e-04,1.368474636583563915e-04,2.416549761044111940e-04,1.240102082802926442e-04,2.230559847232126917e-04,-1.473040235113677230e-04,-1.699449639489623159e-04,2.001287096699453597e-04,-3.976959023859791791e-05,-3.303936739526609377e-04,-2.280853253380725042e-04,7.676086872302665092e-05,-1.296808517408318273e-04,-4.161927813814666533e-04,-1.060463353616275138e-04,6.586357156356909367e-06,-2.220268586540721659e-04,-2.836489614504916551e-04,-4.257900904092373079e-05,-2.041746804611863401e-04,-3.157428212050530014e-04,-4.919047109722205212e-05,1.978249647181120718e-05,-8.722440138450198767e-05,-8.981042447302360686e-05,-1.951854020226919469e-04,-2.041257520432418233e-04,-1.590428542118207977e-05,4.434345482303825965e-05,-2.146209420635577273e-06,-1.294754512907835207e-05,-1.428901363768667586e-04,-3.891116519601959080e-05,4.359134464584916215e-05,-2.588763790129823889e-05,-1.998186053492848491e-04,-9.600417578057816057e-05,3.333052623823170939e-05,-1.037341488935837212e-04,-1.685314927063788731e-04,-3.192892381760355469e-05,-8.239202376849518112e-05,-5.303909795818816976e-05,-9.465292461118113136e-06,-2.852430010581585179e-04,2.106922703712872701e-04,-3.291789001744535440e-04,-3.583283296404827590e-04,-2.651901231834600148e-04,-2.807902077292874390e-04,-6.572604117240687439e-05,7.883232760556807366e-05,-3.936410816761737666e-04,-1.969769322113476041e-04,-1.637563125195468441e-04,1.386823535952200236e-04,3.411849169474911265e-05,-7.821010715042199697e-05,-4.272347986065363790e-05,-4.068201035900671049e-05,6.690470221929285452e-05,9.386896294930543463e-05,1.847882598495056687e-05,-1.065648207375810655e-04,-2.004164848934977095e-05,-9.255588027793155544e-06,-2.008910858945647338e-04,-5.261752928629219114e-05,1.095248478643826018e-04,-1.374004596867327765e-04,-4.304958973357522707e-05,1.737219460718372304e-05,3.209977884290236688e-07,-5.504753223660537091e-05,6.176755856291372905e-05,1.530609463051475251e-04,-9.027204837270635896e-05,-2.126506894849689952e-05,-6.990405751749358214e-07,-2.204227182326485855e-05,5.224659492980089951e-05,1.158101227854069546e-04,-1.222592866632978318e-04,4.306213337215174267e-06,-1.180150743045002528e-06,9.328166477387374246e-05,1.309122439799949625e-04,-5.650270782101483554e-05,2.279795095812210516e-05,8.030862042149455198e-05,1.598164513075456044e-04,2.358068958884190517e-05,1.873942716753832213e-05,1.010460829281043736e-04,1.020131614522084147e-04,1.188673274836257737e-05,-1.485562309331046249e-05,-3.376499765643052847e-05,-6.069057597201257009e-06,9.775749588332431790e-05,-1.253765441896869521e-04,-2.321803930351527801e-04,-1.210952413560686676e-04,-5.603259772442759761e-06,-7.817698859503146796e-06,9.592279652989245300e-05,7.725492183955579689e-07,-1.227444944958230486e-04,8.969813206617420693e-05,8.747979177952387004e-05,-2.001011817986814698e-05,3.379936756705422630e-05,1.263098641566932143e-05,1.199262280300624770e-05,1.036152557256540211e-04,5.647929174215181173e-05,7.339547922976368541e-05,1.361310047348769344e-04,7.712659978333146014e-05,1.195637243445670135e-04,1.375456078620419093e-04,2.578626076248097463e-05,-1.601480508094299857e-05,2.931004422556849842e-05,-2.458476670390063456e-05,9.893265477002171097e-05,1.078459018968048333e-04,1.108930567614176252e-05,1.989412654523856162e-05,2.907556627569622432e-05,1.029135571069212187e-04,-1.387139650353403436e-05,2.624405925832248686e-05,4.945574420059050232e-05,3.910650401876072268e-05,-7.739300601708250536e-06,3.191366799692913104e-05,4.012216569792752621e-05,1.387397208189433498e-05,1.133314035412908234e-05,-3.834853386543562992e-05,3.466176477370145161e-05,-2.280709645475802310e-06,-7.948291803983607487e-06,-1.058246378319878542e-05,3.049638862126176882e-05,7.507882656616837681e-05,6.496483793884722554e-05,1.688797252127347611e-05,3.201538819331556379e-05,5.196215850649776774e-06,-4.913096149176297971e-06,6.574506024293347317e-05,1.281124217589307271e-04,8.931259977546734355e-05,1.264140656060956289e-04,9.118718625847768244e-05,-5.592976113370641506e-05,-3.978983709046231000e-05,-5.624504624912247646e-06,-1.188400036044744906e-05,2.406745682160022653e-04,1.889761896986435000e-04,-3.790609043389673243e-05,-1.484951099500962658e-05,-1.520273414554927019e-05,2.563622494703307351e-05,1.232110942161959580e-04,3.903133480569760373e-05,2.541906514440565006e-06,-7.443467759023446307e-06,1.199415117875245461e-04,9.000729776271603486e-05,5.576859390469538515e-06,9.072051728064085992e-05,1.087772118299713619e-04,3.983492129559630212e-05,1.231124165632091991e-05,6.418939396110358907e-06,1.315809400954989552e-05,3.150931404152383018e-05,1.154972896875466106e-04,7.082673140730522067e-05,2.845321809319965842e-05,8.028753995592116037e-05,-8.613531050771452589e-06,-2.657506381726980311e-05,5.529765435072046142e-05,6.417420492784702978e-05,1.070147420223450057e-04,1.472438169349846117e-04,1.942647396321956274e-05,-1.748506463403975118e-05,3.452342594841749596e-05,1.026403691047825522e-04,1.813483328507865033e-05,-1.656654706844070253e-05,-8.392524017018870510e-07,5.902843294350727560e-05,9.932765019205146400e-05,-2.060374285640806258e-05,-2.642922178444130033e-05,1.392028462274401174e-04,1.197579715427527815e-04,-1.686078778864816291e-05,2.536953867147981805e-05,-2.454298674304846573e-05,-5.153488476338919901e-06,2.555108948225406817e-05,2.977187363399657312e-05,-2.944528440688896651e-05,2.851473062310676569e-05,3.069841519849258793e-05,-8.194094805946118578e-06,1.964720863066177147e-05,4.021820627747415335e-05,-1.128169943764333792e-05,-2.461814928287313393e-06,5.655480517867676674e-06,3.907936504194851543e-05,1.678490631288010200e-05,-3.942948782747868035e-05,-1.183843279692267721e-05,4.699327480766966436e-05,6.871104731627465049e-05,9.870904372089455987e-06,1.004103464779114072e-05,-3.990466779992376048e-05,-1.857688916436447832e-05,7.682890283803999615e-06,2.075264348437595973e-05,-1.179776065361147587e-05,8.938697251332711945e-06,1.849513220455264209e-05,3.073852981286448168e-05,-2.142861794387841180e-05,-2.321281744847303454e-05,3.200107079757708435e-05,3.223343573095624197e-06,2.928694708044218129e-05,2.259495605707321819e-05,1.765658293188772916e-05,4.176767656631822163e-06,2.314654730836297172e-06,-6.543200468651282671e-06,-2.810774532529888175e-05,1.609798570623917447e-05,1.841074945656909900e-05,-4.425066765231294361e-05,-3.589632951293394108e-06,2.617301658352688465e-05,-2.180848260015973353e-05,-1.012510586798937011e-05,6.724338567372254009e-06,-2.785091187365529921e-05,-4.808129282427652082e-05,6.907640461271851695e-06,-3.483522236795987567e-05,-1.568022684496740035e-05,5.859682599782800820e-06,-1.848982284803320567e-05,-2.147028245173800631e-05,-1.420900093529247829e-05,5.729161871854040023e-06
1.000000000000000000e+00,7.458322930862958111e-02,2.765161330218117164e-01,-2.152516533128953288e-02,-1.480186836614845285e-02,-3.162374364089969893e-03,-1.455332355772990041e-02,7.287105675490564843e-03,-9.363697706711434851e-03,1.858859285410533455e-04,5.449737054362730100e-03,-7.665108388990980390e-03,9.189147056138494835e-03,1.595709887603022391e-03,-9.518499751127807232e-03,-1.553228399788453024e-03,-1.028815455746786753e-04,1.905383076549562772e-03,3.889577349098634839e-04,8.595508243380646550e-04,1.562913424461755271e-04,-1.783946674570606201e-03,-1.691652914049675228e-03,-1.026298422999519450e-03,-1.479360609017130439e-03,-2.570923841870072050e-03,-1.367708169207081754e-03,-1.500995939319634855e-03,-1.233760134289374304e-03,1.372348401127836039e-03,-2.691493934249169335e-04,-3.386952630229396596e-04,-7.720928149895231810e-04,-9.985939919100997233e-04,-1.189801271538020708e-04,-1.593659681452423227e-03,-1.487625458480704805e-03,5.041934676222742520e-05,-4.258161230457838792e-04,-1.883458702726788453e-04,2.421908950385271702e-05,5.363043146584354093e-04,1.325140498636171437e-05,-4.779736158576597090e-04,3.162438704637089400e-04,-5.805917311647104266e-05,-9.470520868903261908e-04,-4.656557319077940147e-04,-9.073392532028859935e-05,-1.158612844617792094e-05,1.162514324284380073e-03,1.622423468811034001e-04,-8.087655181426001410e-04,2.949385617250323884e-04,-6.478106061906736867e-04,-4.869936269839978326e-04,4.104520874184866813e-04,-5.186250315253503529e-04,-1.420245128774535949e-04,-6.908138638238945500e-04,-6.973706927460376708e-05,4.780508237352511713e-04,-5.203267964033901670e-04,1.291073640485282165e-04,1.654283516796290648e-04,-3.205389162882576570e-04,-5.012285780176940850e-04,-1.164822741776591142e-03,-4.428839068950419545e-04,-9.891675683539775943e-04,-1.128720797592803809e-03,2.915263036403086569e-04,8.881742398632632958e-04,-2.087623286295035515e-04,-1.242503864838512707e-03,-3.147345681789714814e-04,-6.562480905115640733e-04,-1.184152545466464804e-04,9.810570721032671731e-04,2.457221428234777926e-04,-1.697065976401649409e-03,-6.799431912964696775e-04,1.225167601740711283e-04,6.724207791738746887e-04,3.401456301996301414e-04,-1.523605533020268039e-03,-9.695656756704238311e-04,1.073136572620272304e-03,5.509361796520583377e-04,-9.556128638868380395e-04,5.581211414387526014e-04,1.105487222274279950e-04,-2.299346762718902106e-04,2.062332845837688247e-04,5.386062199447726808e-05,-2.519858351149491791e-04,3.995258121496102796e-04,-5.328508627216062130e-05,8.334684062388922126e-05,-8.993290926741420233e-05,6.664963676046416221e-06,1.484461773685947410e-04,9.167382720257870722e-05,2.883722142697845627e-05,-6.762679136917967913e-05,9.672017942338535150e-05,-4.305780545951044076e-04,-4.582788912720701501e-04,1.470111797421711853e-04,4.993614414459754148e-05,6.531999548255885545e-05,1.110209166101325940e-04,2.246496151146943994e-05,3.001871069958517038e-05,4.528370368880960134e-05,4.038495845311651316e-05,1.854094875567381055e-04,7.747806074168513872e-05,7.467120861741086295e-06,4.273558935666571404e-05,1.690898764876074619e-04,1.342361203903436430e-04,8.625315360113161963e-06,-6.817249220434926983e-05,1.934747845870371963e-04,7.585556282009888720e-05,-1.413779985138178652e-04,3.114746220613753174e-05,-2.244149176736939751e-06,1.740815666706740442e-05,-1.508806055621935891e-04,-5.039862197279598759e-05,-1.609649696149362329e-04,-2.726383291228442270e-04,1.464818214172400356e-04,-4.521143379522960052e-05,-5.656120313305183171e-05,-1.903873386232856466e-05,2.956910152210056204e-05,-7.771331036803924859e-06,-1.507381652210637514e-04,-1.803932300755372952e-05,1.000258989346479602e-05,-5.312854735534364338e-05,-1.266200463727646004e-04,-4.183837225314248362e-05,-7.910203688139068497e-05,-2.317659834590966449e-04,-2.159520054968246973e-04,-1.008577979048949473e-04,-7.714357536486633629e-05,2.804968949463406466e-05,4.115490087121163279e-05,-2.982028564214148328e-05,-2.823835690762087534e-05,-3.190573028094757817e-05,5.844095230462941642e-05,1.202072418921394122e-04,5.634190237927845225e-05,6.746879646830122239e-05,5.401748921441039083e-05,8.247676309948101943e-06,3.053145763887750040e-05,7.839194722983311957e-05,-4.618660258229613661e-06,5.237038034662829233e-05,1.877488053688997766e-05,-5.768263718075182007e-05,-8.426332477227983233e-05,-5.090253279410688312e-05,2.566031604643099467e-05,6.136676785758365038e-05,2.093607347175422187e-04,-2.550462749449721483e-05,3.567630630264621952e-05,5.743087317786969419e-05,-1.142711446448989814e-04,-1.303068859056218162e-05,5.975892829221994085e-05,1.160416665729639151e-05,-4.357102534987742325e-05,-1.324979235249577360e-04,-2.371365620780081210e-04,1.401882262841415915e-04,-1.116777602578239480e-04,-2.472937814104971183e-04,-1.889628602382806310e-04,1.483895485335360169e-06,-2.298099758535689129e-05,1.069536309713057799e-04,7.184663714520889654e-05,-1.254885015340100301e-04,-4.205382083618425276e-05,-9.815862338682758230e-05,-3.083778083326121818e-05,1.179874327892700052e-04,2.501772298199415201e-05,-8.040048871185917836e-05,-2.444921843022879524e-05,2.565134281899992337e-04,1.708026278519931694e-04,-1.040353984820664653e-05,-1.230166034208240663e-04,-5.691846242078564956e-05,-3.402633541995701643e-05,-5.904192970804682169e-05,-3.960510208938423270e-05,-8.448538111898165821e-05,-1.856556109086924115e-05,-1.060916860129403674e-04,-1.256236039709393961e-04,-4.132393768297846126e-05,-6.221136939557493758e-05,-1.261393704366019859e-04,1.934730937966715837e-05,4.438521605340681674e-05,-3.342455374812138030e-06,8.496839237822624463e-06,4.002475614269342986e-05,-2.148430775292719660e-05,-5.193471708269868198e-05,6.222077491947460102e-05,-3.480641427689657239e-05,-5.640158318988169227e-05,2.529633012175093944e-05,-1.666487546714406627e-04,-5.605046105307043064e-05,-3.029888156836762223e-05,1.654786411455185565e-04,-3.732937000103836754e-05,-7.783998753170415447e-05,9.795051469269733897e-05,-2.396494656207018008e-05,4.673049943452534035e-05,-3.764260666926066143e-05,4.404622036518222248e-05,2.382278649050935894e-06,-1.528723508653380544e-04,1.119585659317982515e-04,-3.359882881573755743e-05,-1.961531082389553595e-04,-5.996829252128704513e-05,1.143601196149765975e-04,3.538606824987392224e-05,-2.336668002352865390e-05,1.439884517928617257e-04,1.916066428486463123e-04,-1.807992485344014346e-04,1.887485036828950912e-04,2.533098243907431807e-04,1.959013566733271378e-04,1.691579952720790464e-04,2.813995595052400924e-04,2.042273077781976438e-04,-1.076259557720029783e-04,-6.644748011387836438e-05,-3.463406952512583737e-05,-8.140267532106808669e-05,-1.641793928021537065e-04,-1.114049180987766697e-04,-8.015980736649556103e-05,-6.921753400081809044e-05,-9.719601022553121596e-06,-6.310948109069491863e-05,1.047667120544527807e-05,-1.964550570538944207e-05,6.544159910219945242e-06,8.995337161186093666e-05,1.278314302285653010e-04,1.865463026042115443e-04,-1.226794064283329803e-05,1.057935546198206820e-06,-5.413432445153364017e-05,5.482948476399476719e-05,9.094968142718906179e-05,1.167535994165746832e-04,5.331291867268333611e-05,1.337783545450566186e-05,1.722454315729761562e-04,2.583720022871462403e-05,-1.222918034114400625e-04,-5.982570509806463553e-05,1.188422779522000186e-04,3.786431225742141249e-05,-1.290378286098192186e-04,-5.779946150954616888e-05,2.351070878316965164e-05,1.454841891872819140e-05,1.060502012453062363e-05,-8.770431710463808946e-06,-5.791336217803997910e-05,-3.832967573233197215e-05,-1.289186720055904916e-05,4.966019179592469839e-05,-1.540993313422799917e-04,2.915614010477400435e-05,1.797821754078550644e-04,2.745244183222436893e-05,-7.932385592453708347e-05,-2.308550430747544546e-05,9.692970799333201759e-05,-3.264810095506332269e-05,1.221974323305712680e-04,1.054863368590906291e-04,-4.476137108074557943e-05,4.297080718557931252e-05,9.265722935699501604e-05,-3.072321255389395025e-05,-6.706685662024339202e-05,1.668394496648048281e-04,3.086764316881242904e-04,1.064595334565205260e-04,1.559521290796649529e-04,1.309772526187740740e-04,-8.648503536570925859e-05,-8.461885233668627840e-05,1.150313325489041077e-04,1.189413905479317615e-04,2.478981860580707283e-04,1.741557183159809716e-04,-1.197652975973521189e-04,-3.362264989250385744e-05,3.751258495598839888e-06,1.224140954352118171e-05,-1.493262438885584541e-05,-1.758899342728705570e-04,-5.570813238258524665e-06,-7.140337476396810257e-05,-3.620646175519892228e-05,-6.401091546645033251e-05,-3.193144602565554013e-05,2.974195949980063222e-05,4.445273012262854190e-05,3.085842206854533086e-05,-3.064791884670372689e-05,2.146632751886143152e-05,2.883711158026067150e-05,1.412764319917720497e-05,1.814131574368057519e-05,4.479330199792300985e-05,6.288775873732433069e-07,-5.136461813907616450e-05,5.486477469059035882e-06,3.298870212415046975e-05,1.231412694976606232e-05,3.780393509878513253e-06,4.192474731881147554e-05,-1.067181800366377930e-05,-1.008127273837304333e-04,-1.699166045799465756e-05,5.702351878802172343e-05,5.801495397545247717e-05,-2.942806585225526920e-05,-3.214861956284296253e-05,-3.350702175598900816e-05,-4.029289793047990937e-05,1.629806071676209850e-05,7.633264876980350492e-05,3.606927223186947608e-05,2.947187326060914865e-05,-3.283139084878653391e-05,1.287713623217388728e-04,2.653471699330663900e-05,4.578078647435457343e-05,3.997471815726158495e-05,4.603942054192269406e-05,1.505653824505700733e-05,-6.560126075495972436e-06,1.138810867810779828e-05,1.728449793796313903e-05,3.783202608642785119e-05,1.179260739815955847e-05,4.022919006598852050e-06,5.967923607480338668e-06,3.557047360508851669e-05,-5.321490023776175970e-05,-5.484404050167249656e-05,-4.069592532103784641e-05,4.802352944761717616e-06,5.226038779807081391e-05,1.406495237478723099e-05,-5.521667249757986171e-05,-7.416611986544730114e-05,-5.044399873089710151e-05,-1.140914510651467130e-05,5.104734251715078536e-05,7.543693017723908086e-05,3.594633300798294620e-06,-2.974167400732538732e-05,4.155922430564329495e-06,2.855814374400982947e-06,1.016419036108498292e-05,1.512471072888540032e-05,1.111326934872009421e-05,1.024129031517592855e-06,6.069352125337247592e-06,7.679940607667359691e-05,1.437769961533673412e-05,2.569771937840248743e-05,-1.533387660536775587e-05,1.474363844949440783e-05,8.563400135273050597e-06,-1.998976112392227925e-06,-4.099624579128218941e-05,-4.533789745762304487e-05,6.309844863108521448e-05,2.239969940889930292e-05,-3.386194687892497200e-05,-2.042361905276606727e-05,5.541958196677729719e-06,2.754846436193432940e-05,9.714559289313613592e-05,-7.815682346623840969e-05,-1.085525416563915062e-04,-2.865785716727624184e-06,1.712786764831341607e-05,-6.545946951660132286e-05,-2.980056130995822964e-05,-5.576946208129494051e-05,-1.484270242378388346e-05,-2.674769570198305216e-05,-1.931957724382553970e-05,-4.188822906014773084e-05,2.519440423215660774e-05,4.489055210358650564e-06,5.486301406285212627e-05,2.171700722520920277e-05,1.538406556568105868e-05,-6.624994402046583840e-05,2.290688183004761295e-05,3.739358662705092408e-05,-4.423815874535155084e-06,-1.789130721130759676e-05,4.908413769560372519e-05,3.715023943529818914e-05,6.551179636528850915e-05,1.875734805091061250e-05,3.593239161341515206e-05,-8.013616167349693013e-06,-1.752978799902401471e-05,-1.374926808271035471e-05,-9.286253097852426787e-06,1.583205017461338939e-05,2.055836745651956331e-05,2.102941547245621787e-05,3.482877679569582735e-05,4.733417948940230882e-06,-4.085323779055147404e-05,-3.195357560409609521e-05,-5.247667699210785416e-06,-2.272517881602928187e-05,-2.002483409232319443e-05,-3.302826468656840846e-05,1.723196100642254634e-05,4.251385980552977025e-05,4.482647285162160789e-05,1.829337308298378009e-05
1.000000000000000000e+00,1.378319794680542831e-01,-2.814758299254445095e-01,-3.053793871232644841e-02,-5.922927249524939652e-02,1.838134567325133001e-02,2.869406738380555718e-04,-6.942408958037437315e-03,1.551389900946168084e-02,5.329768420627278153e-03,-1.428716579064791097e-02,-5.514854656878863393e-02,1.432776181358414586e-02,3.276310772190600684e-03,1.000254897127589304e-02,3.335848311228025321e-03,-2.589198537680019452e-03,-1.433603327999730982e-02,6.031876355776161387e-03,-8.666226648402752244e-04,6.210852646542305584e-04,5.437380685329541719e-03,5.835040161914614200e-03,5.415283637829940676e-03,6.193279039803876659e-03,2.447882740079790169e-03,2.063497166787392077e-04,8.513017281139551419e-04,-1.957179077241079715e-03,-1.508401309773519175e-02,7.858437440796766510e-03,7.008961033271834257e-03,3.481800354269769943e-03,-1.740945317227001864e-03,-3.203276209965379411e-03,-3.380686130201955054e-03,-3.351166052343505872e-03,-2.272743983316027373e-03,1.258985053327773759e-02,-3.410565557925486577e-03,2.230432050800189216e-03,-3.156763800755013442e-03,-7.133918480355157070e-03,-6.599587203296504272e-03,-7.881845836253726159e-03,-8.219812495042859088e-03,-5.368979321437245163e-03,-3.115539528365100438e-03,8.868781496328713432e-03,-4.519216593021345950e-03,-1.127520733120148007e-02,-1.175041384338538879e-02,-7.505431206327073390e-03,-1.988682182173587276e-03,1.537334601807297581e-03,4.731162771130416160e-03,3.673146263230228376e-03,-1.405089567465453741e-03,-7.700661417987088656e-04,1.748460586814575089e-03,1.798689611761488489e-03,9.916724029444339786e-04,3.697957851666576652e-03,7.429030061763758699e-03,-2.208558068839959509e-04,-1.079393287320288544e-03,-2.634683409705380376e-03,-1.123881140834010655e-03,2.000538158252622000e-03,9.023062572576331280e-04,2.500259238602216445e-03,4.589751263028674783e-03,-2.537814453424385060e-03,-3.139646143379893738e-03,9.918257156320228231e-04,-7.324397394048787809e-04,-2.422087764209440806e-03,2.021560689546783324e-03,-2.931317373516119742e-04,-1.028891345189455889e-03,-1.340099896809573629e-03,3.189287537166357145e-04,-2.953012591164474662e-03,8.337481317126924432e-04,-2.311367583879053223e-04,-1.825318796066366074e-03,-8.884373326106726788e-04,1.440284791654264070e-03,4.492325958325065274e-04,-1.389515701731884861e-03,-1.338038324449126798e-03,-5.521740654276618802e-04,-8.539864278832319305e-04,1.147250974169764057e-04,1.542397722934143035e-04,-4.993221702213386124e-04,2.391056962918562396e-04,5.364558189501512095e-04,-5.238919185936071745e-04,-3.869793511055406605e-04,6.809563127800644935e-05,1.052915298485180120e-03,1.874465252175966379e-03,-6.921046741409586861e-05,-1.481880637928460851e-04,-9.996777438686371556e-05,5.463066159135603712e-04,1.731094826669576567e-04,-2.116939330629172343e-04,3.441711736985575399e-04,7.586027035722827218e-05,2.104654059627626315e-04,-6.813937083994882934e-05,-8.434368841931925466e-04,-1.881012065674005074e-04,1.018728793537601672e-04,-7.677640238763137849e-04,6.457789722195423493e-04,-2.148314831331035279e-04,4.023866150210125446e-04,-1.262841183492308811e-03,1.197217222478051809e-03,-1.494574325822151139e-04,-2.106273139733653120e-03,3.785616961804013822e-05,-1.717560900030874619e-04,-6.410298471504999687e-05,9.687505269579910162e-04,-7.461904780891135281e-04,1.161593512804361735e-03,3.180288726498458696e-04,-3.651866635435825300e-04,2.257691765168513061e-04,1.728559263496369156e-04,1.249444374074679164e-03,-2.222302589164877693e-04,2.622468016178438910e-05,-3.667808161826368110e-04,3.675225768346468435e-04,-9.454433434116542846e-06,-7.291128169693728706e-04,-6.337222001200570019e-04,-6.589751034495433231e-04,3.362106768218205209e-04,2.386373926875150317e-04,6.458675068511370173e-05,-5.937584059535741445e-04,-1.444474872863827069e-03,-8.869828088913277522e-04,-2.587695105184040830e-04,-1.957760667395651451e-04,-1.372803465922714386e-03,-1.152707090439010875e-03,-7.885841791700434365e-04,-5.052636106776828371e-04,-4.232265110663829691e-05,-1.044400228137046379e-03,-1.189594237434620991e-03,-6.094250632924533642e-05,-4.741204048489855979e-06,1.700743295276862914e-04,-2.659275208351397773e-04,1.734367520369138735e-04,5.816882390451191126e-04,5.776335358275965165e-04,-1.123546522954597005e-04,3.619159563058379375e-04,5.377264921754122771e-04,2.664517148430856726e-04,4.551709203553351503e-04,7.970357023539681722e-05,1.763207111880227718e-06,-3.143044268003613879e-04,1.155006070022707691e-04,5.474000667788479378e-04,-6.006397169847500338e-04,-6.552219918804318404e-04,2.099756183142858612e-04,6.306561193560070123e-04,6.082389428339303808e-04,-7.017740016304664392e-04,-4.180517012993070509e-04,-6.708541633323484308e-04,-9.014827143041114106e-04,-7.144443578160152670e-04,6.907636362212820919e-04,-1.177889188252696740e-03,-1.125245409912476119e-03,-3.102356685331091480e-04,-5.740464638059066980e-04,7.418683038865694652e-04,-1.531318710993779956e-04,-3.270390641274390197e-05,-1.883385103058970653e-04,3.222794895294942745e-04,-9.329832997683921514e-04,1.457985057311497312e-03,-2.584549407246703920e-04,-1.998749149070414184e-03,8.770022095841436497e-04,5.172753152383794371e-04,-1.398707776348061043e-04,7.477788612682368459e-05,8.329216351169981946e-04,-5.274293851641179880e-04,-1.390664073959965220e-04,1.185169824240441628e-04,1.803984725353040882e-04,9.711948350410842248e-04,2.021811355896062078e-05,-4.671404801932228616e-04,-1.258293727002021039e-03,3.243154130624407929e-05,-1.942341924262554827e-04,2.135269773755899816e-04,1.326279659737682973e-03,-5.866790429258469030e-04,-1.256447602158920328e-03,1.832581540630667468e-04,5.459084226729736663e-04,4.699215693773698939e-04,1.097521855965083925e-03,-2.406812410283006118e-04,4.494395324669987605e-04,5.849062009043133137e-04,8.972283607857938143e-05,2.139484995233597339e-04,4.791579023267711021e-04,7.119315188128952712e-04,2.566790539378601462e-04,-2.289049433896074971e-05,3.562763792941091843e-04,1.709631318138644257e-04,1.273022017733886147e-04,-1.794068238626622376e-04,-2.690123863883881483e-05,6.594836916014664285e-06,2.897186247599771577e-04,4.807543438450335126e-04,5.918442243132199156e-04,-7.441692700950709120e-04,1.384339182926738266e-03,7.880247066032661490e-04,1.930732553452876247e-04,1.738061146373798933e-04,-1.209732067248100139e-03,-8.163890306845061982e-05,-2.535378854969522070e-04,1.135388282736554851e-03,1.938022378130780667e-04,2.816374515811752321e-04,3.623193681138843166e-04,9.165377862491322445e-04,9.893697568227224730e-04,-5.999335357122877665e-04,-5.375259813849241324e-04,2.498639929271651472e-04,3.949075525072217826e-04,1.128239538089525476e-03,9.901265496118976869e-04,5.010061987711517941e-04,1.412155821591868331e-04,-1.919439841021424700e-04,2.413644471945318817e-04,6.755668708825298037e-05,6.135621603831390661e-04,6.486063418445773068e-04,3.086384916664233085e-04,-1.739169178664089766e-05,-1.130200337307239961e-04,2.833311692165957612e-04,-3.041969837435008775e-05,-1.807386979361517195e-04,-3.450100097725879904e-04,-4.768981737631101969e-04,-5.954279879044905698e-04,-1.135110992022034769e-04,4.300523988218003953e-04,9.480080722676643675e-04,-2.258436053015343043e-04,-7.509184046309051123e-04,-4.163132106816067870e-04,3.094384973903424423e-04,-6.664208225025632700e-04,-8.244876928825824137e-04,-4.932671312557068569e-04,-2.971532625350705391e-04,-5.189675693761734406e-04,-3.858852397655032239e-04,-1.732013201798774001e-04,-3.334341704119801741e-04,-1.448267963871079241e-04,-1.202706113427032931e-04,2.552349983197865212e-05,-9.809929343567440774e-04,3.932237573035829068e-04,-3.197765195795155570e-04,-3.043931880436322309e-04,-1.669673949469653660e-04,-1.527819440719870893e-03,-3.707689009742221476e-04,3.282815739531158659e-04,7.201432431094705088e-04,4.397757215505389801e-06,1.650812985383314803e-04,3.186627986149757376e-04,3.595782501002429705e-04,1.693340233965222772e-05,-4.144633467484910914e-04,4.709290518158346534e-05,-8.251859281240349646e-04,4.342043986032193253e-04,1.170570299661077970e-03,3.765520437816920261e-04,-2.633319027301641701e-04,-2.520613986682478666e-04,-9.653858632204707175e-04,-2.823513357943849408e-04,4.855914886288071816e-04,5.421257224956072505e-04,1.274564321813777832e-04,-1.743608946560812377e-04,3.474939258900076639e-04,-1.686504381243892324e-04,-2.791158764857571014e-04,-1.227345830080902309e-04,-7.161608707032279158e-04,-3.193059458715194346e-04,-3.356410702581790698e-04,4.804501583152580887e-04,-1.817036355867309967e-04,7.851901130953844120e-05,4.902269693090236359e-04,1.519904123170970366e-04,2.138665346934896002e-04,4.671670587914045192e-04,2.316923764060807057e-04,-6.159148583032116717e-06,-2.897592163802832133e-04,-1.514842404454056803e-04,2.340032542809836820e-04,-4.110032952303634260e-05,-1.032630262900913846e-05,2.924162739973874791e-06,-7.600381051932748704e-05,-1.690871916097891271e-04,1.863217534939879685e-04,6.587548097611559171e-04,1.700100183012188374e-04,-1.793696354249755729e-04,-1.904635324772412910e-04,-1.059654150460063044e-04,4.984522536515562791e-04,5.031440935962794552e-04,-3.319563632845840603e-04,5.082935878417389704e-05,-1.479106081690644287e-06,-3.221813933450630072e-04,-1.646952498012348132e-04,-8.712160257151853673e-04,-4.474856545342316264e-04,3.832527063925100742e-04,-1.629458553201671290e-04,-6.101825989821793469e-05,-2.059793971795153655e-04,7.478724103609956839e-05,3.853837586090247120e-04,-7.337509098725266603e-05,-9.011502535819540223e-04,6.860959332175294132e-05,-5.501283136888627428e-04,-1.707253164875367963e-04,-9.327063308226523372e-05,-1.012089042819432414e-04,-2.624512100623772404e-04,3.144686416098368595e-04,6.483360687632151818e-04,-3.419208124826293992e-05,-4.315672354064505685e-04,5.172946992701006429e-06,1.683512284997452089e-04,6.065355233268440510e-04,1.667642898236971235e-04,3.717475619664512552e-04,-8.167716503774421046e-05,-9.086387246841122489e-05,1.092838369362908913e-04,-9.359769670094484663e-04,-4.224725271796065718e-04,8.851521608929819056e-05,-3.944435307051086747e-04,-1.283102049308181068e-04,2.063098924418852907e-04,4.168812153626652779e-04,-3.568247768239971615e-04,3.599282783850742975e-04,2.110558690349883713e-04,2.049420849525262188e-05,-2.427128864679141461e-04,2.435548422730728134e-04,2.091778977142224097e-04,1.689120306835288632e-04,9.005166966893696830e-04,4.645805763803110742e-04,-2.520460542340872924e-04,-9.064565062885166814e-05,2.947904588280126541e-04,9.677670750515472448e-04,4.305089362889284602e-04,-2.703682843315360147e-04,-5.367432299191311589e-04,-7.544689905861729038e-05,-7.507165413874238643e-05,5.622766617780332061e-04,2.762485351718607001e-04,-5.372472531049634487e-04,1.962429831892099333e-04,8.371473776930967413e-04,-4.374403302110613343e-05,9.970540010973536382e-05,-1.756153004246412645e-05,1.799868364582846972e-04,2.592126588530063161e-04,8.736879918589184285e-05,5.674531380999904307e-05,-1.086490170076865149e-04,-1.080538851697236555e-04,-3.249861680928038178e-04,8.889259047239263676e-07,1.550901374532135323e-04,-2.136674744525785628e-05,-2.616277118433984702e-04,-3.295401376061896326e-05,-1.665034153626163734e-04,4.238145684934487660e-06,-1.840709845901498801e-04,1.382796901089569713e-05,-3.641376120689286894e-04,-5.900783530661828005e-04,-4.828076781551045689e-05,-1.251304712510264722e-04,-3.208189530350841223e-04,-4.674801913793202044e-04,-5.387206809225295349e-04,-2.537520694390532953e-04,-5.669274308757970117e-04,-1.737454966811260483e-04,1.769675774774010098e-04,1.520451825830813702e-04,-2.881224350345886246e-04,9.750117522126604524e-05,-4.418806390622773985e-04,-2.026178305143905918e-04,4.260834579615231481e-05,-2.394727230759017395e-04,-2.428839708139794978e-04,-6.972141178972333811e-05
1.000000000000000000e+00,5.915752657787574226e-02,-1.724036305930420204e-02,-2.852481602424841028e-02,-3.090620609377013259e-02,-3.974165806351635571e-05,-1.612147877303686180e-02,-1.025931541234256957e-02,-9.494108237427727887e-03,9.661606379751238802e-03,2.607360570848907613e-03,5.540529436511586192e-03,3.002256329106001587e-03,-5.259491043048717621e-04,1.879141618853123448e-03,7.828868241604688191e-04,-3.920869474442651727e-04,-1.415741619721813671e-03,-1.139409690169411286e-03,-1.320860982122097713e-03,-7.395026286893956365e-04,-2.837260084748850601e-04,1.643305212404788326e-04,3.362282091971416993e-04,-3.341992942714564624e-04,-9.116926393591407969e-04,-6.774555073955548096e-04,-2.123353379028683843e-04,1.040866670115369111e-03,-7.836431150172958634e-05,1.652404624965147020e-04,4.101359518098972312e-04,2.065193938472983947e-04,2.638320942878963696e-04,-6.424265286824476585e-06,-4.612298648564521451e-04,-4.845862485654514368e-05,3.535015967553975817e-04,4.782826383535040212e-04,-5.308718151952590677e-05,-9.545360682784159853e-04,-9.459950302473905687e-04,-1.334669624028392027e-03,-6.705074393634131470e-04,-3.665074928733200849e-04,-8.089773118689681537e-04,-3.880146959500683558e-04,-2.130779307987105075e-04,1.103331478042003698e-03,-1.077888710780593173e-03,1.627399325700741573e-04,-2.525926272733618845e-04,-1.365204947834217542e-04,-4.819886638242376923e-04,1.074307802651925514e-04,2.975603801225516660e-06,1.088422271448725851e-04,-5.884248896129969184e-04,-6.698992575153916648e-04,-5.485303417264571170e-04,-4.948810428741855054e-04,-3.083093727203585835e-04,-3.542951419216689921e-04,-3.568902080109624789e-05,1.159099357450694745e-04,-5.856090266988874822e-05,-3.833621298735767299e-04,-7.433762503055693681e-04,-1.229819287848501433e-04,-5.077251891516022537e-04,-4.136955796228203915e-04,1.516697115556518032e-04,8.183068420803360791e-05,-4.223041829205983469e-04,8.445793765269978188e-05,2.301858043880618211e-04,-3.101932193072159450e-04,-3.079304113848279375e-04,2.399283486163098487e-04,-6.486788666285881724e-05,-5.539149802463173947e-05,2.769425608170267348e-04,-3.202273925803042791e-04,4.316833130908789948e-04,7.910979515557323941e-05,1.324624609400709631e-04,-9.461341686075131830e-05,-6.549018541091352209e-05,-9.384351017882628461e-05,1.069473862410796785e-04,7.791397826267484374e-05,-9.828719659749815451e-06,-1.458722855415897374e-04,-2.660766827481717854e-05,2.026211565713430796e-05,-6.199310310785093926e-05,1.173889746374446252e-04,-2.332542766026508179e-05,-1.506807950333114464e-05,-3.717885039221991469e-05,-8.657019618037902278e-05,4.529560346250837701e-05,9.479126344123625419e-05,-1.040523732019423578e-04,1.280361734445385797e-05,4.852040816662210658e-05,-6.930503907727673146e-06,-9.592412508798403667e-05,4.365821358734016432e-05,4.100140542159816474e-05,-1.117568945273440791e-05,-2.587831250757721463e-05,5.998641089822689981e-05,-2.672992641342454781e-05,3.599844347266497262e-05,4.158393364801363571e-05,1.720371877187841405e-04,1.150952314411639649e-05,4.561495057140394648e-05,1.010082341533381908e-04,1.907037470563108217e-04,2.174506632253739530e-04,-1.050005366988607018e-05,-6.245121314478649084e-05,-5.438932521816939485e-05,-2.307060531492114959e-04,1.252300884941985062e-04,-3.547643356960352942e-05,-2.109441384943328826e-04,-1.597643096202052988e-04,1.806625282468223416e-04,2.384567586437341864e-05,-2.370821850107013979e-04,-1.213526811207380846e-04,9.024738859415865015e-06,2.228220936670597673e-05,4.150997863892095738e-05,6.150611839082159116e-05,-7.651848522560280902e-05,3.093161950664162306e-05,1.206690886001143527e-04,4.004241590540926778e-05,-4.954094071308727835e-05,1.790967109137146384e-06,9.087287856513835812e-05,-4.880544455380491893e-05,1.114082569096268168e-05,4.081870011209157926e-05,-8.441935832919072059e-05,-1.085291279864161875e-04,4.986847555122885927e-05,2.827546631915313854e-05,-2.143336093865240259e-05,-2.870402314701193741e-05,2.979670042377819462e-06,8.539550955344070305e-06,-3.408301059453493236e-05,-8.276591980894362234e-05,4.577840965814563673e-05,4.486472013958950399e-05,1.350596481479957496e-05,-6.608048427890201833e-05,1.871953310576092295e-05,4.145670160861708104e-05,-1.107312652768802125e-05,5.563113305102876160e-05,1.383033834199490773e-04,-1.400404110943608139e-05,4.450228939994805194e-05,-1.006204107002984453e-04,-5.115342229993133496e-05,-3.270757053446897683e-05,1.312833840263169040e-05,1.169028592840318410e-04,2.377292988538452897e-05,3.337141109887674492e-05,-6.164491078771951659e-05,-6.776732675865908804e-05,9.783891687462081691e-05,8.262008955086693049e-05,1.014688463122620697e-05,1.052522738276202207e-04,-3.823556341453014093e-05,-1.663032279044606538e-04,1.128033266067809514e-04,1.386379456485633827e-04,1.195587520009269115e-04,-1.169036903562420366e-04,-2.008379682151772104e-04,1.345104360424021481e-04,8.298106540327261150e-05,-2.273651647092403221e-04,-3.661597033265268899e-05,-9.078024050541683273e-05,-1.990500501521522947e-05,1.155436130205101964e-04,-3.520981490076315534e-05,-2.153280862312708310e-04,-1.158846923276333232e-04,-9.748318223133618310e-05,-1.883433787319914021e-04,1.008686438544538667e-05,2.509905920641344822e-05,6.225039914017426281e-05,7.525618065634676057e-05,-3.984071247805867242e-05,-3.674607221927665761e-05,3.545850130644847929e-07,-4.723510257861958015e-05,-2.166891994419989522e-05,-1.180900323735000287e-04,1.367441593382604684e-05,-5.801733169599330753e-05,-8.581639633565296969e-05,3.110316931627350934e-05,-2.627852156476689509e-05,-6.460635027263126435e-05,-3.720525151662932862e-05,-8.315738306168538908e-05,-6.118955310698870364e-05,1.701912024568288801e-05,-2.766660398976810082e-05,6.739918262331281713e-05,1.427038648246978225e-04,-5.166412429208584527e-05,9.834759169225604537e-06,4.905617109358569592e-05,7.497152621957619829e-05,-1.847478009404646116e-05,2.716004244524862081e-05,4.472486300452254077e-05,6.930428129457738758e-06,-2.795588000765745541e-05,-7.174722154974585053e-05,-4.540050794179083401e-05,-7.804053624518660667e-05,1.332689525707818822e-05,1.390232740918902166e-04,4.756156689617639188e-05,1.953829676964771023e-05,4.646912613460133797e-05,-7.856817941621181082e-05,1.371796210587895967e-04,1.531365805191811256e-04,6.249312488581008039e-05,-2.411853712481920280e-05,-3.993938959689964804e-05,6.699299215256492349e-05,-2.233650025999822888e-05,-6.329895557877458572e-05,-4.960667035838087853e-05,-4.596834080894930349e-05,3.560281129852343416e-05,-1.709681381298973223e-06,-2.618669466770690550e-05,6.445358489288785368e-05,-4.450000354432987967e-05,-2.118607826081379095e-05,1.197906119985901822e-05,4.450214464100779778e-05,3.795490796991870229e-05,-3.324937557857387648e-05,7.446782023568878121e-05,8.924722729266924522e-05,4.585986618800289775e-05,1.054094736103717661e-04,5.693563447643100521e-05,2.369194716013930821e-05,-7.356276853398301128e-06,6.913771741535398331e-05,6.089646958285548426e-05,6.370073675200439202e-05,7.099430326438972043e-05,-1.173626087149297213e-05,-4.464158843228107265e-05,3.042647960295120815e-05,3.146566031915454356e-05,6.406528248382896212e-05,1.074495947395405824e-04,-5.708213024526309490e-05,1.373460110787581392e-05,3.178702385102690614e-05,1.710575594007301978e-05,-1.034738054595389542e-04,3.264196653155847764e-05,7.223831463023552932e-05,-7.487685765291427018e-05,-7.579182115313810105e-05,1.033557234099204565e-05,2.126139191958240489e-05,9.057875815747505903e-05,3.477275229626590984e-05,3.076544403174571974e-05,5.086938107325334989e-06,-6.517557275257581229e-06,-1.217482051939786981e-04,-1.037471190187511615e-05,7.240791068496801495e-05,7.102378844264843703e-05,-4.350306481386416208e-05,-6.815169022803591904e-05,1.879847957024283322e-05,-5.954405373319805274e-08,7.059478607906376170e-05,-5.077446163266342963e-05,2.305937433899383785e-05,-2.097109253238113377e-05,4.239053143424119645e-05,1.039850388604024868e-04,-1.154182112654467517e-05,3.989390428911149998e-05,-1.046285057460055826e-04,-4.744283896765391157e-05,2.565547884972835355e-05,4.380274109806578029e-06,2.603469204072333636e-05,-2.759000035678497522e-06,-1.773574570387654247e-05,-5.669355669446518822e-06,6.352496268051405762e-06,6.386310913375622608e-05,6.131009695015728761e-05,5.801353279268027146e-06,-4.918449617550185770e-05,-1.284066900505188586e-04,-2.171304067117913575e-05,1.181733755820998328e-05,-1.894024027812572271e-05,-5.453395040181149817e-05,2.968939849316637867e-05,5.483882278683953446e-05,3.588432436967362184e-05,5.792047995495661826e-05,6.978035935451889235e-05,-1.309578987592722733e-05,2.019934587938872202e-06,2.905789782973425700e-06,-2.869267827969930091e-07,-1.075271537347886854e-05,-2.478523707569017199e-05,-1.670627138154235592e-05,-1.058886299560634523e-05,2.010686268300569966e-05,2.538526097815155323e-06,-4.392096332460470324e-05,-1.598764151686174959e-06,5.918636628696379517e-06,5.087799011181402321e-05,-6.983241970822295245e-06,5.137822176903004186e-06,1.579781441272140943e-05,-3.211660918871867779e-05,-5.969537801108451122e-06,3.286322230689499291e-05,-6.286318542254561337e-06,-3.302309056548746768e-05,2.370050122958135390e-06,2.573526961406236196e-05,-1.616739226612693561e-05,-1.812786101774441496e-05,-3.980696709881963744e-05,1.235503084849733832e-05,-5.347292250112953620e-06,8.703467563729893315e-06,-1.697170923115491872e-05,-6.426218875582596750e-05,-3.210515165537875773e-05,1.953867990683802938e-05,-6.877589052035447002e-05,-1.031676990567746894e-04,1.069314817640510495e-05,1.159483213422357798e-06,5.731942120351503878e-06,1.496899497227094480e-05,2.581198555682352361e-05,3.246924938854187147e-05,3.992295836961893597e-05,-2.040143914232127868e-05,1.395536788390120653e-05,1.567999350245626885e-06,2.141087801858598496e-05,3.831172879871515665e-05,4.400508534564870989e-05,5.112621400694674689e-07,3.584508649835336098e-05,3.924055374602021247e-05,3.791226558588547675e-05,4.625113011258386915e-05,-1.595454536534586347e-05,9.591006466830358790e-06,1.527438730836579874e-05,4.264567390818986797e-05,-6.896407686531371595e-06,1.776876183852220585e-05,3.888171933532164412e-05,2.970658265688921442e-05,-3.884324052509552133e-05,-4.595837783265814156e-05,-1.547115704530373090e-05,-2.467393855737763205e-05,1.054531215264317552e-06,2.150484058200329788e-05,6.197478326302300364e-05,1.465782509508626750e-05,-9.915952259912546020e-06,3.239645941787060866e-06,9.136489032315309416e-06,6.396043476765135528e-05,2.665326551913016462e-05,4.965682928005176708e-05,-2.209155654621007696e-05,2.768496205905617328e-05,1.413994426249327617e-05,3.670979783421671932e-05,4.245762014314204889e-05,3.471534882519351133e-05,-4.110341314693245985e-05,2.887370407262180832e-05,6.510494445457435395e-05,-3.960052257808559532e-05,-2.854031509484765557e-05,-1.842625052585928705e-05,2.782704302863660576e-05,-3.865182206175477169e-06,2.372935420194992158e-05,3.534492191754025282e-05,1.078804348994660970e-05,-2.961465261686872169e-06,2.991484064561053142e-05,-5.533712545304073140e-08,1.063724608952394005e-05,-3.241660972863788222e-05,1.083562672021957001e-05,3.193846345813765585e-05,1.394974276563562332e-05,-2.071382705497396156e-05,-1.898741978851745400e-05,-1.203545945873784649e-05,1.139453512298045086e-05,1.591848010025855718e-06,-7.928331091990761087e-06,-3.491220238308892654e-07,-1.595061726905382818e-05,1.062310182982437625e-05,5.705329827186167806e-06,1.096664964018532809e-05,-1.262984309750823558e-05,2.195838687902009676e-06,-1.967487434827828674e-05,1.632269729005743109e-05,-1.602568581344105073e-05,3.859305361680829744e-06,-1.456141052706136563e-05,-3.886812445850350706e-06,1.241261173639347875e-05,6.407219054049774322e-06,5.285413063361079020e-06
1.000000000000000000e+00,1.079985077762891654e-01,5.238237566970453674e-02,-5.646456552669260401e-03,-6.979345595527172708e-02,-3.824234856506786642e-03,4.031512429739257317e-03,-1.090615163804533894e-04,-4.006438387222259652e-03,-6.591880912889908246e-03,6.371194520459391025e-03,3.643070553540230135e-03,-4.271117416720806789e-03,-1.141504701086433135e-02,9.837400537702401318e-03,-3.029084090887657456e-04,-3.825873099702211907e-04,-1.278586377048243714e-03,-7.095051952351168418e-04,-3.190940639452485828e-04,-1.044498055784859412e-03,-6.974008484788531874e-04,-6.315174389690664507e-05,3.079809277261077977e-05,-3.216875001719346028e-04,-4.495356216335109271e-04,-1.022488436566659179e-04,-6.486769559382553601e-04,3.000406993332490322e-04,-9.276728393785563709e-05,4.356077453724591401e-04,-1.826678874897774869e-04,3.020113610691053658e-04,1.907191493020182597e-04,-2.235210839253995788e-05,-4.121133061719534888e-04,-3.215833756711138601e-04,2.194173219375441315e-04,-8.955490590689512689e-04,1.073074098834820759e-04,-1.222175566517669839e-04,-8.770078308708298886e-04,-8.007120455419570060e-04,2.639775403789469797e-06,-2.469763421285488952e-04,-1.996662260713903496e-04,-3.211500766208700490e-04,-2.654579272435547547e-04,-2.814190248584750708e-04,2.755182094638424710e-04,-1.276056838326966229e-07,3.515508737717019721e-04,4.808183328018667295e-04,1.116084527291055263e-04,-1.416626581994704339e-06,-3.122034254244557137e-07,7.340184373610166707e-05,4.338658355552940020e-05,-4.200059400761561217e-04,-3.380506934639978720e-04,1.224600116553242377e-04,-5.027001911075793276e-04,-1.767528921608850089e-04,-2.437777747605931176e-04,-1.509132663042870497e-04,2.865353182960483523e-05,1.342914012329972991e-04,-1.350433010719099983e-04,6.365939475957884796e-05,-8.333955502977194061e-04,-4.694870576930600049e-04,2.542999865550025530e-04,-9.335085355989334438e-05,-2.026299376961901595e-04,4.831467785437074743e-04,-3.060870166573167734e-05,-4.373182885166985588e-04,-1.384163389281473588e-04,3.798002020752459297e-04,-5.356704578913286125e-04,-3.866519753057125024e-04,1.570553793818217679e-04,-5.045403063926836218e-04,6.787543186171787155e-06,-6.326484645504152574e-05,-4.447290568866550989e-04,1.079252244049553054e-04,2.502879490262822806e-04,-3.656962408795707284e-04,-3.252759182387021344e-05,1.107919468904464805e-04,3.986094385499258441e-05,2.371968869465045603e-05,-2.236662485640346872e-05,3.293432546863115176e-05,-7.107440231205863074e-05,-2.201132953305328678e-05,-2.457102957902723182e-05,-6.396568748224420293e-05,-8.640999649621101985e-06,-9.796685741945711009e-06,-2.912271846141877967e-05,-7.285813684506986343e-06,-2.208455317075307033e-05,3.909346568577403237e-06,-3.108363080994498496e-06,-2.114097104190295744e-05,1.394208640250850215e-06,-2.112693359421506315e-06,-4.211540384822944384e-06,-1.609232950739841853e-05,1.367329876226612841e-06,7.682457576134916235e-06,-1.916278282643569755e-05,-1.604162130011217897e-05,-3.168959003839832855e-06,-2.008488308099723921e-05,4.725179520660907962e-06,4.499957589543731608e-05,-2.621801130243814397e-05,-1.130653341960754382e-04,-4.701469794914806211e-05,-3.483582103505729037e-07,-4.152054358169186794e-05,-2.081892043960798837e-05,6.469680027732872963e-06,1.054855026160690079e-05,-2.071445439783611734e-06,1.188630787850107251e-05,1.946717632387394013e-05,2.855506587501218920e-06,2.258360588849991487e-05,-7.893354394067071504e-06,-2.411884458173599121e-05,-1.716574290907371171e-05,3.674117907451786786e-07,-1.253223456961581446e-08,-5.796384635851020307e-06,-3.070639992545584358e-05,9.092027350861920236e-06,1.967264863915205454e-05,4.110985383670235706e-07,-2.842535740988852461e-06,-4.387004056349474767e-06,-4.101278397942803388e-05,-2.451180509090853445e-05,6.631450100053094346e-06,-4.265347900073768102e-05,-3.658980158787058200e-05,-2.064831852577193703e-05,-2.021346158484743622e-05,1.014025941353040883e-05,-3.391387025489387612e-05,-5.234326113922493267e-05,-1.584304862743433486e-05,-1.015928174407333371e-05,4.892231483296199269e-06,7.593615483085241126e-06,1.204773133196542879e-05,1.590231532500495958e-06,-6.549167697876679779e-08,1.101137004858668458e-05,-1.723801914717897982e-05,-1.895453122079911854e-05,-2.403994370154473624e-05,-2.352871538753299437e-05,-1.366512585048476988e-05,-6.794645461677586313e-06,-6.413152110723129803e-06,-2.145252840767861594e-05,-1.901033329132205090e-05,2.448975902766402666e-05,-1.552346288441570020e-05,-3.887075566431647254e-05,-4.709356501476021331e-06,-3.522680007976465854e-05,1.748852125501513993e-05,-3.948080313123807838e-06,-8.714111706325491081e-06,1.918912998657559271e-05,-5.724649570065945996e-06,7.035628592105978629e-06,3.394120943748853028e-05,1.150998088817727133e-05,3.422264436233022228e-05,3.081293984723476918e-05,-4.144933941417700338e-05,-1.902499815925430614e-05,-8.272910692632426407e-06,2.064256823405655227e-05,2.286812120505747395e-05,-9.182026781308927298e-06,6.318633878357210628e-05,2.843067968214464629e-05,1.708129030999046500e-05,-6.581740886964351561e-05,-1.011869081861934852e-05,1.108634238214579455e-05,-4.596885671180346561e-05,-6.653689297411215818e-06,2.987262967970256964e-05,-2.001435728202633003e-05,-9.836742617782714447e-06,4.070328277612040381e-05,8.319313133424296813e-06,6.724024772530697468e-06,-9.337903118007583988e-06,-3.147696506365760369e-05,-3.219228822431199075e-05,-3.667912760047891011e-06,3.702309456759348967e-05,1.495454314540056765e-05,-2.620833279901480734e-06,-2.838678936450747672e-05,4.999848102829115842e-06,6.108883181771073518e-06,-8.158190998827027979e-07,2.477437458116471777e-05,-2.109315005251026238e-05,-2.680132287658019462e-05,3.363247161303071819e-05,1.819951115380308829e-08,2.110312864256129564e-05,-5.387914623908815435e-06,-3.889639340266684911e-06,-2.407523742171740008e-05,-4.221997249455889116e-05,1.171830883150247737e-05,1.450304055303282838e-05,-2.624961328891049956e-05,-1.695548476947646263e-05,6.276145514727844050e-06,1.014415830556518110e-05,1.644468523659217734e-06,9.425156869223982740e-06,6.175527514281863831e-06,1.662141002355121966e-05,4.906705519332602918e-06,-2.503341039142722733e-05,8.732322809879784604e-06,1.196690409513647211e-05,1.084190285745601543e-05,-2.724271112140125737e-05,-1.687495658472811742e-05,1.710091433392622824e-05,1.889585842537989688e-05,-1.323922542415178589e-05,2.126738821488193377e-06,-3.626045521356954538e-05,-2.307147188094973712e-05,1.368243798673419885e-05,-1.205641477391007549e-05,1.281513270633253262e-05,3.003850861138996598e-05,-8.974988352382255524e-06,-5.480324922861481902e-06,-1.128312107293108806e-05,2.065806514576297480e-05,5.347346707349618007e-05,-1.800842132321955579e-05,-2.423240775933905135e-05,-1.240571298870950251e-05,-4.341070260980811575e-06,-2.269088302839749788e-05,1.478044832919550225e-05,-2.025815189581722835e-05,-4.968047929145929614e-05,-1.738270033619928142e-05,-2.389885897241712798e-05,3.027224708014574317e-06,1.186900841727369469e-05,-4.446601188350729819e-05,-2.782015384482495240e-05,1.425281710328781252e-05,-3.377159429370887498e-06,-8.093142796640533394e-06,-7.750783975315132226e-06,2.096171346181727075e-06,2.594294831961751146e-05,2.226355529237577493e-05,1.044060865601016322e-05,-2.777103591239306351e-05,1.512497111693125922e-05,-6.963718383295282680e-06,1.906110753157934663e-05,2.052951086128490803e-05,-8.471536929572203510e-06,6.595275650568753570e-06,3.478347375446248785e-05,-1.147504283155537100e-05,-1.273479031319054254e-06,-6.121249790850346040e-06,-5.540747034562670746e-06,-9.744983612912260553e-06,2.932951387979189554e-05,2.188385671850053097e-05,-2.671985016178651977e-05,-9.477884006435762166e-06,2.938326589691991962e-05,1.959048092096840697e-05,-1.379864807352750302e-06,-2.100458421875419873e-05,-2.337709389867172918e-05,-7.606875199040720574e-06,-2.812436968794400835e-05,1.230367758709260754e-05,-4.352448943260256185e-06,-3.700148379324018350e-05,1.027137871829181780e-05,-8.963951547011517697e-06,-5.565790658337710096e-05,-2.531911657250822056e-05,3.535117253723229819e-05,3.921993385449711403e-05,1.888396687232499644e-05,1.058631778253585263e-05,-1.129407095321690140e-05,2.349132804941801613e-05,5.231127344085069919e-05,2.661102930288326355e-05,-2.757492257813794990e-05,-3.429221569874549155e-06,1.667608635750668775e-06,3.765099995465377524e-05,3.152856648068129268e-05,-3.227599255381871516e-05,-1.921061784006724494e-05,-1.963814404051179144e-05,3.534717476599009679e-05,4.369980834633659989e-05,-9.177175563694658884e-06,2.167686534246957621e-05,1.758199649578174456e-05,1.899509937362915807e-05,-4.785863027727669935e-06,2.539296604366861348e-06,-9.631233199074445774e-06,-9.434233522505629831e-07,-7.905885096002933401e-06,-2.138844412986736126e-06,-1.906873748472249887e-05,1.627643262977756462e-05,2.026376284149085480e-05,-2.493993176800401060e-05,-1.594294468297808795e-05,-3.111277894892460502e-05,2.280820834023017081e-06,6.819881248728948376e-06,-1.498225273298799846e-05,6.031453838416028432e-05,-8.609791840162167180e-06,-7.649763932348923234e-05,-5.162527628004408777e-06,-3.526836940829762720e-05,-4.375767909444957470e-06,-3.297782681324260906e-06,-8.165059740819386681e-06,-3.241344297967208561e-06,-2.877758427089974411e-05,3.162523377796829721e-07,5.212606578993944680e-06,-1.451487769107088078e-05,-3.575350386925362064e-05,-3.318062620527456201e-05,6.216448029567933674e-05,1.206457001508038580e-05,-4.747254930182227833e-05,-2.110344231997404483e-05,-7.081999022808938666e-06,4.459749207723659014e-05,4.188007236084427120e-05,1.647098745451672351e-06,-2.562357021568212478e-05,3.436573026253514883e-06,1.985078526779225340e-05,-2.902388182194467475e-05,2.007011699484135184e-05,1.749067191142399797e-05,1.864878122475084615e-05,-3.250888575195734737e-06,5.467179698407177003e-08,-5.708594153498210692e-05,-2.426142146936395669e-05,-1.938054383713608503e-05,-4.166826494146766495e-07,-1.859553334055291421e-06,-6.167636547572239099e-06,-2.905640367391625020e-06,2.785862283571717126e-05,-4.629158243429004138e-05,-4.945340060054174823e-05,2.098061698723820538e-05,-7.758345058887430362e-07,5.940899317458043347e-06,-1.276830616966841492e-05,9.035677315409107520e-07,-6.305228246256986802e-06,-2.537860482171227849e-05,3.087405699749677245e-05,4.976547218074236351e-05,9.236736164220023067e-06,4.343658101451724331e-06,-7.368681945198502918e-07,-2.755431475885664099e-05,-1.835163407666716648e-05,1.388818174763521990e-05,1.267168550960931739e-05,-1.496695092225228249e-05,-1.322417860317571015e-05,3.166906857052268441e-05,-6.207444846445943180e-05,-1.917276420259444349e-05,2.264031178399197888e-05,-1.236950977304365914e-05,-3.762484990864848879e-05,2.650014878852486897e-07,-9.502155535309461380e-06,-1.365677249980468652e-07,-5.130182523497275264e-05,-3.977871186327173699e-05,-2.662842847314278279e-05,2.978299761144958226e-05,3.219386115001844169e-06,-1.779649184025621628e-05,-2.799688653591610716e-05,5.973953988015975315e-06,-3.442483933791433751e-05,3.728554407208261755e-06,2.202937480497777335e-05,-2.070182694283680190e-05,-2.632864689473213956e-06,2.614177571017932739e-05,-3.976777495677653271e-05,3.505894110774504681e-05,-7.456552869770650826e-06,-3.064717613036856337e-05,-1.625104460712473370e-05,-1.597050266024495826e-05,-1.846766717801765425e-05,4.836721188413335297e-05,-3.102611168418950897e-05,-1.780282795914464816e-05,9.634974104780549492e-06,3.166275135371245840e-05,-3.960264065652327258e-05,4.055812898947553415e-05,-2.304605247126627026e-05,-1.233686474772481934e-05,3.992196796052663912e-05,-3.856847822176998492e-05,-2.301222058659692742e-05,-8.415362495768184280e-05,2.773780659534743438e-05,1.233281941976862409e-05,-3.583478289054242965e-05,-5.204800923312526973e-06,-2.128407185559463337e-05
1.000000000000000000e+00,1.072929574522791946e-01,5.594998773932438607e-02,-3.536754967160676139e-02,-7.593399243970100354e-02,1.196279301772718191e-02,7.730242581231478761e-03,-1.776456057366924968e-02,-1.160579178946304600e-02,-1.219042835408843187e-02,-1.602778473443735403e-03,-1.151444843482437794e-02,-1.027499099540430533e-02,-7.545763235201931318e-03,-2.216252083229809308e-02,-2.625212735411708775e-04,-1.000658643789115523e-03,2.197738198807097220e-04,-1.127286056372479080e-03,-8.317761476250774182e-04,-7.791835242235194353e-04,-9.218442752439653747e-05,4.923615795893603899e-05,2.770079086625693948e-05,7.344197165333884395e-04,5.272860491923326816e-04,-2.060254961163558761e-04,-9.737933264950392621e-04,-4.688181757735174009e-05,-3.545726146344987256e-04,1.077439541146696812e-03,1.853920467067124889e-04,-6.717115287577570546e-04,3.301987487410345038e-05,1.520282395668773377e-04,7.361851900518592189e-04,6.956825385753192008e-04,-5.126968007487780067e-05,2.726718895302461011e-03,-9.905214067153441954e-04,1.225773907962749570e-03,4.686850833600183673e-04,-7.352402298033506797e-04,-1.029765354237087123e-03,2.595305066003088866e-05,-1.033032592642815084e-04,-1.927520459514545288e-04,4.874840798962144512e-05,1.750776777084100955e-03,-1.774028763439462883e-03,-1.525251888775238122e-03,-1.052942655435746113e-03,-9.712371456538882678e-04,-6.664047030369917935e-04,1.640547674331372329e-04,-1.142886409588775542e-04,-8.203087996015060270e-05,3.906420581736369329e-04,3.360243721885563758e-04,6.244802974421900842e-04,1.359302797497048167e-03,4.730509589974787920e-04,1.409844917400934186e-04,3.388880927196260022e-04,-1.725410044508020454e-04,8.137878239629837594e-05,3.255675864682911077e-04,9.918585326941533036e-04,1.171538488230439113e-03,1.548994785124450089e-04,1.372436626908986403e-05,1.372925518114709873e-04,-4.229981400178268731e-04,-3.296249299307333703e-04,7.549584535545901705e-04,7.811761540923249625e-05,-6.679179689001236205e-04,-5.593112800906056012e-04,4.898671597751080110e-05,5.628973858262286334e-04,6.954440327365914642e-04,-1.248728915610066283e-04,-5.920487357935537648e-04,3.097498379784761652e-04,6.250418204178199511e-04,3.941660743378437083e-04,1.162097160944000738e-05,-1.057155461706284958e-05,-7.645480382158276504e-05,-1.240954228812303961e-04,4.912491801826949486e-05,1.278401312321729379e-04,2.254739203596618151e-04,-5.830833769731806452e-05,3.373368898294756846e-05,-1.949129743617358194e-04,-2.498912916879368013e-05,-2.364780710747201804e-05,-3.226285276820365093e-05,-5.043849259243183116e-05,1.041697490317326059e-04,4.466340282888090461e-05,1.709160158667916195e-04,1.698043322059753640e-04,-5.032295278310097513e-05,-2.695193888216427404e-06,2.458849413043402254e-04,-2.274312195442369821e-04,3.869201853943929277e-05,-1.268149691703179188e-05,8.012095902968126976e-05,-1.606561021900690955e-06,-4.761082532031859734e-05,-1.022548312757028550e-04,-1.726104993442219391e-04,-4.785680964036238697e-05,2.528579556830650148e-04,-6.173627751981911635e-05,-4.281418576682770219e-05,-1.200673821121242237e-04,3.027574263808243261e-04,3.553028106947908604e-04,3.712123677496861543e-05,3.759497495100778372e-05,-1.226917657803374654e-04,-9.420523789403371972e-05,3.988992657518988300e-05,9.276538631978263854e-05,-2.088483219857388138e-06,2.248555906591596996e-05,-5.779110019796574490e-05,-2.643971180993709229e-04,6.842136549085928545e-05,3.129666108825391864e-04,1.445687924764163057e-04,-3.043464671011192883e-05,-2.916908734458235019e-05,-4.664407749231210329e-05,-2.955420634915166796e-06,1.160135560404270018e-04,4.718732910608216982e-05,-7.496069912408321104e-05,-5.778554653346599542e-05,1.158575279715664591e-05,7.839313601360016948e-05,2.536902769960024345e-05,6.230514211711377960e-05,2.006346752561213810e-05,-7.776808080964691566e-05,-4.899463861551998180e-05,1.680838186054790128e-05,-5.858289862829613032e-06,9.067441903933394585e-05,-1.063984912204479511e-04,-1.956189778228841012e-04,-9.209768139961328401e-05,4.566919938224626746e-05,1.558629395079750180e-04,-1.374274041293031259e-04,-1.863254133415987574e-04,-1.505718987563005045e-05,4.354349062595074801e-05,-1.550557665877510941e-04,-1.439183155222995448e-04,3.836134746144722907e-05,-9.298719789243164470e-05,-1.360920721057575194e-04,-1.469112639114815788e-06,-7.652979919979076338e-05,-8.318590063629767472e-05,-3.977536787972686905e-05,-2.281501197427495591e-05,-5.759873114966367389e-05,1.224409207488553336e-04,1.041597791584548915e-05,-1.786777582725783506e-05,-9.576527451370846558e-05,3.633255459062407935e-05,6.595581551176474082e-05,1.158231452078252211e-04,1.532803678359162362e-04,1.745477575368409491e-05,4.318906917720204179e-05,-7.262170265090377792e-05,-9.661597759054755749e-05,-9.724244353156805555e-05,2.695889883050899620e-05,4.453097888295822089e-05,8.878359423020085975e-05,-3.534476830383247994e-04,-5.304137142774177898e-04,-1.948522015025631134e-04,9.623691943856490713e-05,-1.902073366175624275e-04,-2.171704200377338524e-04,1.079043072320186097e-04,4.695129889233184923e-05,-1.483091567229052486e-04,-1.082061663559647299e-04,-2.044105549705362446e-04,-8.306034628372312579e-05,3.156336883153465923e-05,6.295540305969237545e-05,5.838753467692566092e-05,5.182493358444072883e-06,-9.783514825559759502e-06,-6.900381563649098126e-05,-6.421978712683771109e-05,1.463885578567209158e-05,4.901534899249792286e-05,6.249223839409450137e-05,4.811247395893459531e-06,3.154066631963410469e-05,-1.270436806160806626e-04,-1.186746988922923962e-04,-1.945069850074591673e-05,-4.486299704087074141e-05,-9.585517229282484311e-06,6.241390876513694072e-05,-1.194452271775961716e-04,-1.091725967184848094e-05,8.028689801500244415e-05,3.918169275180802887e-05,-1.962763268865668020e-07,-6.866337354180393699e-05,3.494522793184706027e-05,7.823428069663188251e-05,-5.530016353851603114e-05,-6.520689470997277507e-05,-9.273477191518049773e-06,4.430870696757075303e-06,2.193354326076391779e-05,9.660991460059653417e-05,2.327746439210588665e-05,6.392409082648442878e-05,1.855576882465063889e-05,-5.309117969562471363e-07,-1.299241233698668514e-04,-2.861340892311018861e-05,-5.653863128282379206e-05,4.427129514089720580e-05,1.076478501647186311e-05,-2.052787648684851869e-05,-3.703196727618496232e-05,1.483125842459853845e-04,2.543839526528259357e-04,5.444216218737150909e-05,-1.292133461936088661e-04,1.373019783459704455e-04,1.130986978011231113e-04,1.068635075045638828e-04,1.620511464452145407e-05,3.320005609567562447e-05,1.338989508772866837e-04,8.885731894498098758e-05,-6.074274974001748779e-06,4.316437213017842828e-06,3.848005892476160619e-05,4.550381893536403549e-05,7.679544962470767698e-05,9.362948622577861449e-05,2.094651322239904519e-04,2.110272764742274882e-04,7.401432956107180513e-05,-9.250425198285781836e-06,-1.109406591979020799e-05,7.879907844144983041e-05,5.713998904619681951e-05,1.678142995232866693e-04,1.954725658204378139e-04,2.666192778145354923e-05,-2.588299031047935626e-05,4.728702792804829130e-05,5.197018017616801083e-05,1.029256173716791778e-04,1.888153010289339584e-04,9.380040350604536585e-05,7.629722022067930297e-05,1.786962957422300199e-04,1.547133445509563771e-04,2.138928082716665883e-04,1.077251709752680852e-04,1.041083707644590379e-04,2.033756581959531950e-04,2.148974845613635539e-04,9.289769289757743753e-05,9.167880537517101192e-05,1.076201760382205976e-04,9.211211219561335657e-06,1.238114167558836053e-05,-7.048314200205829618e-06,1.158636234167255286e-05,-3.195304979402932989e-05,-8.023148888935628306e-05,1.813684140379396643e-05,-6.769118653930400898e-05,-1.115395983757398035e-04,-7.595171129139953730e-05,-3.319124834274021974e-05,-4.176463140153868054e-06,-3.715529529325840478e-05,8.614097878584565265e-05,1.137300845607612764e-04,1.217163388649205647e-04,1.344339447593043905e-04,1.679689270113614199e-04,5.770475596523476917e-05,1.662977329796017751e-05,4.287075250861001162e-05,1.711884445160922918e-05,3.691599749831663392e-05,1.021914535242516935e-04,1.608888815611252414e-04,7.109295310782316399e-05,2.553707960309072449e-06,1.390249279321988964e-05,4.205121990998927429e-05,1.121546207626433934e-04,1.554311236999239305e-04,1.434431179226577653e-04,2.687284225476959697e-05,2.766810184628432225e-05,8.385753299959524526e-05,1.427255406069215466e-04,4.126829632428608442e-05,-3.486369218562700720e-05,-1.111850339614994047e-05,5.135569016052427628e-05,-1.740269986598339687e-06,-9.257295740990761392e-05,-3.883705885701823208e-05,-2.142751168006132799e-05,-1.021300596165382411e-04,-3.186139317808704452e-05,-7.789027602888902392e-05,-9.316922568658311192e-05,-3.178755887913128669e-05,-2.347098738587203283e-05,-4.904503673685464265e-05,-2.504477038726320168e-05,-2.204125282632260263e-05,-2.744961254118408674e-05,-1.210785520572090950e-05,1.743279192664868994e-05,1.062658237373818195e-05,-5.012803431397662603e-05,-5.291506258052159305e-05,-3.577028428411615672e-05,-1.041566611475796736e-04,-3.870193957366628698e-05,4.425464942737847171e-05,-1.514020321649351626e-05,-1.662655307207973820e-05,-2.441866878158193517e-05,-1.067292793012908228e-04,-4.829982061291713619e-05,-1.722240996582756738e-05,-3.200802367235469452e-05,2.461009334017321405e-06,-4.335097512371474264e-05,-3.246729441234695194e-05,1.186321642556468124e-05,2.440730342684506319e-05,-1.168351764147107056e-05,2.020506155763525109e-05,3.683544891456166746e-05,1.517363711771146505e-05,1.939825451079982843e-05,3.175833373824366160e-05,-6.498097181948229169e-06,4.140074536356283920e-05,1.910697351509308632e-05,4.681438394413223350e-07,-6.381692503687048586e-06,2.696408447740522248e-05,-7.005644868194478785e-06,-6.092460613432939572e-05,-1.958833810452544194e-05,8.450594856045388269e-06,-1.156542238702093553e-05,5.433734813773431006e-05,5.122114434005805672e-05,-2.402247297056092466e-05,-8.296885060368127020e-06,3.251029671371555361e-05,1.859359725419673329e-06,1.686597564162963856e-05,-5.015767412063214004e-05,-3.442696927130790163e-05,-4.096137109586084422e-06,1.602627697820697537e-06,-7.149382903870460382e-05,-3.349737337650886062e-06,1.022926537563598952e-05,-1.387526320850687669e-05,1.639366359132252390e-05,2.087474200432893478e-05,3.145500325870107829e-05,-1.688970237080070466e-05,-1.968926404297682497e-05,-3.634736136844183944e-05,1.807113969078898605e-05,2.111227046591303988e-05,2.554915933426814964e-05,2.722310152034151086e-05,2.426857969708627494e-05,-9.671663554703252292e-06,2.301525152678221907e-06,-5.520919078957813751e-06,6.313441427403632389e-06,9.192060629258923422e-06,-3.108174101037503863e-05,-2.813618878093302757e-05,-2.783191839489724918e-05,2.160434155441428694e-05,1.903202627482724401e-05,1.391544513143646943e-05,-1.383774831259601897e-06,1.661965355078083705e-05,-1.534426948769557049e-05,-1.504480146516125650e-05,-8.196027095315154379e-07,9.164547606599365796e-06,2.199580670032896527e-05,2.433707575330918473e-05,1.144871467131800130e-05,-4.130224140150371825e-06,-1.720775830411551429e-05,-2.892935196035210880e-05,4.104464823126279807e-05,9.426150223191269164e-07,-2.119066861395326761e-05,3.105534152942819207e-05,-4.626639699735108557e-06,-9.983168971269595947e-06,1.150728664284650648e-05,1.138053973430271524e-05,-2.062946514193267315e-05,-2.877142909175762196e-05,-1.240704189286220573e-05,6.910389971780170795e-06,-1.746612275280586365e-05,-1.538566747480737856e-05,-3.186160675391530491e-05,3.809444494894650328e-06,-3.007959363333946376e-05,1.852408718118761716e-05,-1.910960149989824668e-06,-1.815956461197723484e-05,1.506061950904035159e-05,-1.670933181343157127e-06,-7.014817844347994260e-06,-3.552288065104547828e-05,2.640389505156410668e-06,2.771230098054682620e-05,7.182153430752631419e-06,1.736987054942311595e-05
1.000000000000000000e+00,1.045389622427316395e-01,2.701197144042115708e-02,-1.964825361609584889e-02,-7.227152229093940228e-02,1.024037199408228070e-04,2.117692503699478146e-02,-1.533705099076825354e-02,-7.505145986198882499e-03,1.747587143171421865e-03,-3.528266874139026742e-03,-1.044448329066868103e-02,-7.469437296684258536e-03,-2.818644555591093455e-03,-4.197993193712369620e-03,7.730054868583630351e-05,-4.487849226030044019e-05,-3.095023439331243825e-03,-1.483715511537036288e-03,-8.409898124477315894e-04,-4.493907056018985567e-04,1.694083637020038318e-04,3.710539292032371812e-04,-1.029966989572265302e-04,3.872982290542856883e-04,9.380026147697286768e-04,3.885983704131068528e-04,-1.209372923890543938e-03,8.651451562732101908e-04,-1.344452139574069420e-03,7.185473432061161318e-04,5.577530104983278178e-04,4.465136606266310892e-04,2.899392114226912744e-04,2.724450343914399026e-04,-5.927751404507571330e-05,-1.128097401107727948e-04,-1.590622778014613486e-04,-1.025591791773538186e-03,7.652467341748700122e-04,-8.421174506877433384e-06,-1.144587787855328364e-03,-1.254750905066443238e-03,-3.572472711334335658e-04,-2.298756892416240784e-04,-5.304623333408168542e-04,-3.639279865188335293e-04,1.523100806137931578e-04,1.185811248923366072e-04,4.223015681013488759e-04,6.041139077751210042e-04,9.778594366095900384e-04,2.018903370759832618e-04,4.340117029689329986e-04,2.312158799307736457e-04,1.995441553413162118e-04,2.242808330361514672e-04,-4.807004435789065454e-04,-7.036399954312530947e-04,-7.187042383978140990e-04,-2.874934332241486598e-04,-2.086607569285146022e-04,-2.255844193786916052e-04,-1.684776856627287630e-04,6.055226391143252179e-05,-3.845273856098491323e-04,-6.256318180701878453e-04,-3.782150175437833713e-04,-1.385684712299117729e-04,-4.444069305811725181e-05,-3.296968277135365818e-04,-5.519833381069196764e-05,-2.980228554258130842e-04,-9.856841277534648341e-04,-7.295477789838171077e-04,-2.379991867581114672e-04,-3.761249736002320434e-04,-1.779503185278602994e-04,-4.307949161997450547e-04,-7.457542880040898175e-04,-5.105735873964420933e-04,-3.612849493499247552e-05,4.900363619904153943e-05,-3.310321119075174167e-04,-5.588540989598475995e-04,-4.538443623870904559e-04,-5.521175005487065140e-04,-5.369415439445475202e-05,-4.370942459378841663e-04,-5.139931249173878723e-04,-1.422968935087806164e-04,-1.606978685738137398e-04,-1.368609316573974569e-04,9.673967648193390243e-05,5.492779960124982057e-05,-1.328671611846740067e-04,-9.710160723316487829e-05,8.848366728254020380e-05,7.382880594907692475e-05,5.345251862941477336e-05,9.342203211872392773e-05,8.835257468075473570e-05,1.099693747800125970e-04,1.221597743849379492e-04,-3.151871204476656518e-05,6.964663608956844537e-05,-1.649304604607479624e-04,-1.737448433767418250e-04,-5.369818612070919689e-05,-4.721623790586715601e-05,-4.170394531540652324e-05,-6.507362502466774231e-05,-2.195581211661632175e-05,-3.989494992868819446e-05,-9.788459715125848138e-05,-2.927662622299664758e-05,1.832726217322223764e-04,-1.146471314507848294e-04,1.088075943605469620e-04,-3.780242485633257088e-05,1.253854224020746011e-04,3.071305927961075796e-04,4.290097278342373224e-05,6.048609621932481519e-05,1.852802262262388474e-04,2.973189561839430472e-05,2.380259577471391567e-05,5.886953260371199643e-05,-1.002200737754553079e-04,-3.411816251817167782e-05,1.992763767223754026e-04,1.250878752834255628e-06,2.330443436256383335e-05,1.040117354759875437e-04,8.307454832354237785e-06,1.419578814334557713e-05,9.671021038494685056e-05,4.122216072227468796e-05,-4.309432064172463570e-05,7.898433993310203382e-06,9.019379875851474303e-05,5.610813294749315535e-05,-2.383095448762256662e-05,7.724326877560603883e-05,6.719349514230694867e-05,1.589768473777566647e-05,-9.864889950789444399e-06,5.475024263632813273e-05,5.323747193467686300e-05,-5.056020378049871835e-05,1.827667408029222791e-05,-3.514877462013695454e-06,-2.000995662960644336e-05,-1.982132712804937568e-05,6.759285386722854479e-06,-4.862634520569399798e-05,1.133861308556981694e-05,4.436446881569116728e-05,-4.808323955044870507e-05,-1.029786171845242744e-04,-4.765503881085649625e-05,6.579648015353829922e-05,1.427585954145355953e-05,-8.225151955789628097e-05,-5.936462052833892740e-05,4.184944302853157007e-05,6.358997586650285772e-05,-5.390585152101744107e-05,4.706934250608039522e-05,-9.551228850764021568e-06,3.240770291387034207e-06,8.026861312418554829e-05,-4.305796185756202086e-05,-2.128322824533105621e-04,4.290737269028480300e-05,9.646619523130782611e-06,-3.483626789489629246e-05,-2.421973096121288007e-05,-6.796711342873856462e-05,3.226035227994704352e-06,5.376949422811542323e-05,-2.471163048171759932e-05,2.381121288209870669e-04,1.834763157170823228e-04,-1.622792341592034298e-04,-5.421997068478010386e-05,-1.495457246749082759e-04,-3.153027198946844437e-04,3.128356103878297451e-06,-7.857735461270960199e-05,-1.469483005366795981e-04,8.598071992785051587e-05,2.633781029059847163e-04,-6.479857699097016496e-05,-2.293364087019404154e-04,1.625148848874967828e-05,1.720598145622447093e-04,6.431819029404815466e-05,9.548022529992917205e-06,-9.029938324053425161e-06,2.490427622405721865e-05,1.619063473546968564e-05,2.017725196878150242e-05,-2.942648024363795370e-05,-1.504617886700425945e-05,5.024504680240130748e-05,9.651335838246280773e-06,-3.690089563070209186e-05,1.024514413726938684e-05,-1.286016601596471736e-05,-4.637535440303068774e-05,-3.263278523516111609e-05,2.045458291873409283e-06,-4.609187965641046693e-05,-3.232558287520412304e-05,3.393345844606170705e-05,-9.548699417440416107e-06,3.643374635573382991e-05,1.882391324326762193e-05,-3.936905316146493083e-05,-2.734797226828980843e-05,8.872848492288527508e-06,-1.067597964608205293e-05,1.395610174307416891e-05,1.633252234972139803e-05,-8.777944505511925107e-05,-1.499008050774399263e-05,9.048044083900852100e-06,2.643791415403509771e-05,4.537593222640352582e-05,1.008791065993093299e-04,1.611353427829512153e-05,4.955248592616368265e-05,6.796559590899972105e-05,-2.144608603900679937e-06,4.980720792351204563e-05,3.503474851050894924e-05,-1.903988822446971813e-04,-2.254266963914708626e-04,-1.634050370382950367e-05,-1.018320078993636991e-05,-5.486424744768499774e-05,1.661601181541039543e-04,5.220774742791762309e-05,1.615883005662391934e-05,1.238445204552574117e-04,-7.503776709239967136e-05,-5.883386278423903586e-05,4.445173940687092772e-05,8.754310286866470259e-05,3.908696808359916978e-05,-2.590754254993667000e-05,-5.706206914649401509e-05,1.900235781621508521e-05,8.284648436017401146e-05,5.008817400084244695e-05,8.138031145312594095e-05,5.934279845475886879e-05,9.624553323364143018e-05,2.157717909407050663e-04,1.406999332548371413e-04,6.271682441353258568e-05,1.028685265213423320e-04,5.183130612352862128e-06,5.658007350749688679e-05,1.321561555882397473e-04,1.110646353871460473e-04,7.984287665425305474e-05,9.729532973524993738e-05,9.064128607624094504e-05,9.404777016521647564e-06,5.494555511401582682e-05,9.213196514282387232e-05,-1.839474311609955639e-05,2.679921679925495909e-05,9.028368511342877377e-05,2.176061950588854391e-06,5.385094660374011651e-05,7.094560915397917704e-05,3.893050801327570791e-05,1.432890444076547214e-04,2.583407414921561377e-05,2.913719497282952676e-06,3.464793477104695352e-05,1.281129639772122315e-04,3.534842553096680033e-06,-9.761965413442058541e-06,-1.849960976481604608e-05,-9.880227276417748308e-06,3.892030273497872608e-06,1.790006183928332585e-05,-5.508180681803535220e-07,-1.610401712502135979e-04,4.940904564639970607e-05,8.301352026544252976e-05,5.180782496671066051e-05,7.977064706982243709e-05,7.854391289202972072e-05,3.976792752320101957e-05,1.697836992830990152e-06,-4.253812454440268907e-05,1.154097920508141593e-06,1.064462880435864772e-04,3.869205552696035062e-05,-1.250652548114222296e-04,-8.606582503855884415e-05,2.785694421203378806e-06,-1.330264591780080182e-05,-1.013901299610354127e-05,4.402025805175597748e-05,1.650512770214317024e-05,-6.862334925546109633e-05,-3.790597780675575018e-06,4.631456721351528310e-05,5.048094513200595423e-05,5.136055460181242145e-05,-6.953296844658443914e-05,-1.085577130586232668e-04,-4.865317922458550000e-05,-2.894457927038147506e-05,1.752767921295867644e-05,4.363216185071991778e-05,-4.007136543984365185e-05,-8.863002233627095892e-05,-1.023967323829136876e-04,-1.007187272084339127e-04,-3.330891858849095786e-05,-7.319632637219291637e-06,-7.792450270966491948e-05,-1.172634295035122291e-04,-2.951011948633586838e-05,-2.548105563821268074e-05,-4.947794883262410438e-05,-1.071726983829751686e-05,-3.057868445859017204e-05,-4.067530836057887147e-05,-2.483711099247345482e-05,-8.983738634285700213e-06,-3.033602825951882195e-05,-3.169041281574507842e-05,4.898266772969947940e-06,1.111063115099826443e-05,-2.236880143029690403e-06,-4.533139648521582235e-06,-1.358818946061826128e-05,-4.899680583954981627e-05,-1.339590992184946460e-05,2.640775889008040839e-05,-5.028209147841063891e-05,6.566396509875319902e-06,-2.405441550157192749e-05,-3.675296226407274129e-05,2.883848244220856889e-05,4.681977138822815529e-05,1.259648839188137880e-06,-2.383808561388837567e-05,-3.004964898129417364e-05,-4.527099200576952140e-06,1.928356042233908435e-05,4.949112842449403211e-05,2.213162845859030880e-05,2.687076680005257293e-06,7.546452428123240217e-06,2.927354254183637157e-06,-1.352638455934606018e-06,-4.162785928026265273e-05,-1.094293960614097992e-05,-6.654265740516900791e-06,-9.052845071633266902e-06,-3.716571271668552213e-05,3.293555625679586279e-05,-3.685160658363660153e-05,-1.009682489363961748e-05,5.671166091093649591e-06,7.127193160483639436e-05,3.377710923192499710e-05,-1.365205731934379457e-05,6.449299566125165146e-07,1.316678690230314886e-05,1.605722373680825482e-06,7.326521780650924881e-05,5.078765374807158730e-05,4.083946958538778625e-05,3.370919421475917561e-05,-3.316236302249017820e-06,2.952015027954002461e-06,2.960757131974616055e-05,1.437124647668096385e-05,7.483388894682550109e-06,-1.107481600384912762e-05,-1.377443047393498514e-05,2.079532247302010546e-05,1.576971621030120419e-05,-4.010851068252752046e-06,2.852839799945658161e-05,8.693389202714169969e-06,-3.664453458448865805e-06,2.014973061091279599e-05,4.536893504241292614e-05,1.918757671966172992e-05,-2.538587303485437897e-05,2.799901177316079583e-05,5.403793644715575194e-05,4.129129049701889080e-05,4.062059355496803461e-05,1.859272342590355889e-06,-1.964891254124099580e-05,6.275065119502228343e-05,3.959133833788045892e-05,3.760981865203885742e-05,2.349455841480395247e-05,1.245611231217668327e-05,1.587632050210232156e-06,3.945649135317897912e-05,3.356281546739262880e-05,1.351253391432155128e-05,1.084516554227970181e-05,-3.078836150174446558e-06,1.941764220427511759e-05,6.704295058589959281e-06,2.629397402634946182e-05,-1.656707097707082828e-05,8.456699443356328609e-06,6.960296073996935470e-06,2.496827310932466440e-05,1.930489821547151064e-05,1.676387624627740937e-05,-3.184211473612263228e-05,-1.090748538296658983e-05,1.283676755832091528e-05,6.126867761149070170e-06,1.261506980909295149e-05,5.725520002727807971e-06,-8.900638507688885109e-06,-5.304603979674634777e-06,-3.102025224160401918e-05,-1.173902958738325746e-05,-8.487809995402519601e-06,-1.537216300214820812e-05,3.122807399215393527e-06,1.410933378647143748e-05,4.954576366790368977e-06,1.070204635831940343e-05,-9.839875253597824342e-06,7.736923559497340481e-06,-1.433995993956484855e-05,1.928527398459514261e-05,-6.127158625764105580e-06,-3.386032972643166544e-06,-7.331681066972368167e-07,-4.025182938794624225e-06,-6.830441783918530488e-06,2.249845128146687060e-05,8.719723093805127204e-07,1.582646214607438359e-05,2.258232524050298834e-05,1.363082280282287252e-05
1.000000000000000000e+00,7.695713639913148718e-02,-2.765175270680167441e-01,-4.670050711235155388e-02,-4.573550329436409240e-02,-1.284216000545802643e-02,-2.700404881364492499e-02,-8.848660486318091212e-03,-1.385533419871125792e-02,7.737474169293150940e-03,6.535392630244071452e-03,-9.885265346668802022e-03,9.991724949048217622e-04,7.786136488889484376e-03,-2.775868778766513514e-02,-5.562408123821850148e-04,-7.507500108234949933e-04,-2.869357746314733868e-03,-6.465064853792687125e-04,-2.341520145109387326e-03,-1.899933707044420324e-03,-9.896253610490418455e-04,-2.430204908064741501e-03,-1.828380045300996353e-03,-1.437106099852233205e-04,-3.065359111230952431e-04,-1.040730958615228340e-03,-8.761799462430437061e-04,8.911922746387456254e-04,3.963101641381342420e-05,9.688849941891518368e-04,1.164038323245120609e-03,-2.695380737466169336e-04,-1.311134175445541165e-03,1.782031003389529544e-04,1.485028962682309736e-03,1.152407557430675227e-03,-1.412960393327980426e-04,1.787046856825418809e-03,-1.325940859995355155e-03,-7.671370749134107450e-04,-1.034425469683966474e-03,-1.231603633682949164e-03,-1.168567858436608386e-03,-6.130067489245167006e-05,-2.379704164390166122e-05,-1.519987239571783623e-03,-1.049158660078081508e-03,3.148486611061349343e-03,-2.755929419801266510e-03,-1.006952792996808604e-03,-1.028716750169547407e-03,-1.403968066943054411e-03,-6.409565395368042656e-04,-8.448588770914584704e-04,-1.248799095374885162e-03,-7.582839656607635957e-04,6.564757016809888174e-05,-1.722876753402027969e-03,-5.782632692107417824e-04,1.102057893201245208e-03,1.113442176131016967e-03,-2.786442404234415015e-04,-1.929600028275308755e-04,-2.454799704604697418e-04,-2.377501296883405572e-04,-5.418277461576543686e-04,-1.017713174154850214e-03,1.314755243043295259e-03,-1.297688220517275197e-04,-1.711664004131558704e-03,-5.258732376278477897e-04,-3.298349623757505290e-04,-1.033371773022979338e-03,5.344942376890996806e-04,7.823883334661022428e-04,-7.013911788021496207e-04,-7.861609624499654768e-04,1.729740266895935972e-04,-6.992759983606564771e-05,1.470790002771777414e-03,8.579167215543741015e-04,-6.408205732871955548e-04,-1.097922950740643530e-04,1.017840535631606017e-03,1.373970508332834559e-03,1.266256416225255651e-04,-5.833637076951507907e-04,4.339540674929921109e-04,1.702246759418927407e-03,-6.529650000619003887e-04,-1.027365924702813588e-03,-8.475100858240620450e-04,-7.184807422218420577e-05,-3.356592436427050571e-05,-2.447465815395356067e-04,5.559756373373727668e-04,-3.871701122673060149e-04,-3.581243331201033626e-04,-9.981249524049128834e-05,5.931408021537155786e-05,2.069877829397631815e-04,-1.225942670521783164e-04,-1.340653808590013441e-04,1.056241258774035836e-04,2.806955996002582468e-04,-3.346248690584228817e-04,-5.583639844807943920e-04,3.296416167263694605e-05,1.338712529755840363e-04,2.572949167259267031e-04,3.316003256753818549e-05,-1.432833345866586078e-04,1.483908021025258719e-04,7.915745389170833165e-05,-1.977121595048620978e-04,1.258240086882820696e-03,2.063310029562692900e-04,6.506698191906319824e-04,1.207662544004821278e-04,-3.522310642972290902e-05,2.161075393697681646e-04,-5.451135052699203690e-04,-6.403074104743926558e-04,-4.539315027105069855e-04,-3.976548255041622041e-05,6.471321963569515558e-04,-4.774742529480409067e-04,-4.703261440564390013e-04,-1.365033940448597612e-04,1.434037097030058181e-04,2.556700411596124988e-04,-3.674559750489906425e-04,-4.785072933335125680e-04,4.989794831221152651e-05,1.958274497334608474e-04,2.071771958398260576e-04,-1.825305478654322769e-04,1.025979086101114191e-04,7.110153519001176966e-05,-9.687063656707739663e-05,6.896442785648685184e-05,7.375636382515255774e-05,1.731232850594883084e-06,-3.300462578086056447e-04,-6.082065061606842997e-05,-6.071153906705711466e-05,-1.598968918809378389e-04,1.793274490746767633e-05,2.124938425638120618e-05,-2.607573523218444664e-04,-5.918085717170292782e-04,-3.952198203297611358e-04,-1.175522925407546570e-04,-8.504505835992749621e-05,-1.104084973415453923e-04,-3.861504681649520444e-04,-4.448756894045739676e-04,-5.027401965309559798e-05,-4.778640317347726915e-05,-9.355043720902027316e-05,-2.199173873552628575e-04,-1.755044530414738753e-04,-8.244421594612324588e-05,-2.139555842088414802e-04,-5.028097005708773008e-05,4.413775529397200655e-05,-9.194682063537222767e-05,1.751323764998514131e-04,1.685039394440013196e-04,1.918306517606070439e-05,-1.023572937058642314e-04,-5.858922917781023105e-05,1.205982114325139797e-04,9.289927403512554386e-05,2.044273306461832842e-04,3.131686600994807801e-04,4.028253633276167919e-04,4.608082747737102377e-04,1.583235662427556008e-04,8.542884359464599788e-05,1.399265638082300986e-04,-7.783714175229706838e-05,-2.936892321715837972e-04,2.025286922454178041e-04,-3.477443094904041261e-05,-4.729665539709765787e-04,-7.156208277704414209e-04,-9.535569668345103903e-04,-7.530800529254894234e-05,2.836519703819948631e-04,-3.045827083003622288e-04,2.978090687684016255e-04,4.835831912758139622e-05,-3.365247571630011801e-04,-4.518882751338248560e-04,-3.857015333366455847e-04,-6.691948970340376706e-04,-3.751171843881239169e-04,-3.828750639550437037e-04,-1.552807876467778958e-04,-7.291647557286174894e-05,-1.191925977775477240e-04,-2.321625823448901689e-04,-1.092594441184484299e-04,-1.380143281076367601e-04,-2.354762202294229210e-04,7.657745119331323979e-06,3.234848840472372383e-05,-6.291727846878119061e-05,-1.266882973584424659e-04,-1.710938942037038230e-04,-1.595431237690408133e-05,-6.842470558189338900e-05,-9.261818697112980843e-05,-4.779887446914534864e-05,-3.062558106065829433e-05,-1.908069663220775475e-04,9.331631734402424027e-05,3.656614063324842962e-04,2.166255862953820829e-04,5.086859297406944699e-06,8.023845370743425262e-05,1.516826028181710202e-04,1.923660024669320077e-04,2.537171647158563892e-04,-6.913722524349741964e-06,1.242284610999535790e-05,-9.153471722948770990e-05,5.101101466476482823e-05,-4.054839592130551158e-05,-1.052848183150380766e-04,-7.953920820756641739e-06,1.093988897290051237e-04,-1.000309188158019012e-05,2.706090142048587338e-06,-4.230032513817076612e-05,4.267691556722489829e-04,1.212839796565903306e-04,-2.375127840317359902e-04,2.218933739851155519e-04,7.052057066257874868e-04,4.029058752995121843e-04,7.824174785533136080e-04,3.170199934387872695e-04,-3.075998626298195524e-04,1.024584561889826267e-04,6.505081452108116638e-05,-5.794003678559544806e-06,-1.115589028800467871e-04,-8.025911673769046950e-05,-2.267193507949911545e-05,-2.963756617269836882e-05,-2.014231305951865467e-04,-1.191577245763356829e-04,-2.878636697263924248e-05,-9.247758317975518115e-05,-1.130293179474861610e-04,4.612850664865604240e-04,4.861238920854580562e-04,3.147456554424502700e-04,2.352575376846414133e-04,2.118810951631441559e-04,3.105607674443467683e-04,-1.174129999965352004e-06,5.630684719596442279e-04,4.709827790723543155e-04,1.333603482922038179e-04,4.448002498443033782e-05,1.397120369282969343e-04,2.680233701528951973e-04,2.595007441495124833e-04,4.823966296125177826e-04,3.950054141069545954e-04,4.410117124348832601e-05,-1.123280329177540117e-04,1.200113738437655824e-04,1.173135350995133439e-04,1.360797368622739120e-04,1.836404432938845883e-04,6.410240700340681110e-05,1.747213465919109294e-04,-6.177568614195168392e-05,1.315190009378787070e-04,1.736722884312558624e-04,1.276837558213953427e-04,2.010162917477936360e-04,3.765725639773186617e-04,6.825327041824062778e-05,1.846346923077815314e-04,4.801015869547488188e-05,-1.859594598133378090e-06,6.392655455756752125e-05,-3.639767708746427782e-04,-1.458766283763073110e-05,2.098573576317795645e-05,-1.123437263809440870e-04,2.987197389086956477e-04,1.048392133400177339e-04,-1.447914148371637691e-04,-5.346394850372498410e-05,2.141229092166094120e-04,3.500205516103187145e-04,2.133549618264817319e-04,3.120804263653899411e-04,1.531950862300721138e-04,1.616726214217294698e-04,1.978470801029292181e-04,1.601178309200575032e-05,4.616362640073095946e-05,-2.740788276432204245e-04,-7.249412291411839158e-05,-1.015268515386721355e-05,2.352443044753453670e-05,-1.130332059300466874e-06,-8.360805328425441264e-05,-2.268212850895039406e-04,-1.799609727848689117e-04,-3.158126892204023259e-04,-1.431689638010977912e-04,1.754623945063217159e-05,-5.949859746475830960e-05,-1.365251810830738337e-05,-2.083026193989305009e-04,7.319289778470673864e-05,1.213738754021919975e-04,-7.624563930683393850e-05,1.367051267781125465e-06,1.414737737704497916e-04,-7.747266081827407213e-07,-2.069755811695776890e-04,4.075536882112723596e-05,-8.317189478808812700e-05,-1.884246169740666954e-04,-8.379803256109944626e-05,-1.260056052628068853e-04,-3.629715250324877328e-05,-1.127074403967632163e-05,-3.762897920506073132e-05,-2.641985591604557106e-05,-1.568450001216714922e-05,-8.077577694908525996e-06,-1.200275983309363455e-04,-6.191791222716613039e-05,1.310065971355493396e-04,-6.826788117963715377e-05,3.846005477233361353e-06,1.027956773711085253e-04,7.886689646939475736e-05,-1.714012884291720470e-04,-1.634888574108108253e-04,1.977545675773175469e-04,1.101621313675136215e-04,1.543312356367813648e-04,1.024927374535225175e-04,8.406146963677877326e-05,-6.270220373828764454e-05,-5.699887989385092813e-05,4.640077497816426610e-05,1.326647152399733904e-05,-4.119208518697329435e-05,3.259279231045539048e-06,2.786495533683774417e-05,-9.992692826604755347e-06,-6.767311345274818694e-05,-4.023964563915738397e-05,3.148923172891129044e-05,-3.474585987488174732e-05,4.599078384151120082e-05,1.971877851854876812e-04,8.680017811661056774e-05,1.420872780268190119e-04,-3.085815954458994342e-05,-3.202542390486027581e-05,-2.118587614051610580e-05,-9.188194166314603899e-06,8.681299641613874837e-05,-6.433455621720713736e-05,-1.154917592901652702e-04,1.052082239862486970e-04,8.843299557779987069e-05,1.369129741983496416e-04,1.856466004507116715e-04,9.742525426535715149e-05,-4.651332707321937233e-05,7.730968915807267812e-05,3.338658360291604945e-05,2.765700473711520007e-05,7.134064857951483369e-05,1.245269664798743758e-05,8.012715888395558026e-05,-7.622040567109289614e-06,-1.516570160287901946e-04,-1.176793853585863050e-04,1.174554940960325137e-05,-7.049652357849801876e-05,6.255870076384004229e-05,1.058093142176750484e-04,1.439490252856553650e-04,2.125707983766737515e-04,4.798734712368305541e-05,2.027804802801390301e-05,8.245832492985291022e-05,1.545835165886540359e-04,5.145010737407638334e-05,-8.809037788895276013e-05,1.821790236063420764e-06,-1.891477962089155545e-05,1.352211642603319921e-04,1.546553543318789851e-04,-6.128351010366657112e-05,6.464732438423927044e-05,1.221558208954380900e-04,1.735099938687931472e-05,1.840967435874419939e-05,2.153412126688012134e-04,-1.051494011405813156e-04,-6.704387775478995546e-05,9.708733547445005929e-05,1.330997126876594310e-05,1.332652319468195584e-04,7.054992324388084646e-05,1.567432097418716301e-05,4.458772419745821224e-05,-5.774695926595440910e-05,-5.958285494187595400e-05,2.135219674735147171e-05,5.027583270303173364e-05,-3.976374057442565537e-05,-9.852331473973644871e-05,7.487566365207252322e-05,-1.252540044554447383e-04,-3.143521290831092206e-04,4.296523245784693659e-05,-1.330711388593249856e-04,4.943869118930316998e-05,3.736954312361899652e-05,-3.226632414896252638e-05,-4.509103546512109028e-06,-5.101373699610257478e-05,-3.618993524579219645e-05,3.119329101570720994e-05,-9.058852230933318850e-05,-1.849526947023700594e-05,-6.350957991971923830e-05,-2.754042172666717569e-05,-1.316586786129575067e-05,2.205888945552584167e-05,1.924178351980021932e-05,7.652158650406368028e-05,-6.020895782232795883e-05,-2.933984594518054167e-05,-7.469404234371714219e-05,-2.769868035763023764e-05,2.623120954452329737e-05,3.382342001157836455e-05,2.758855449954956241e-05
1.000000000000000000e+00,-2.268442607932608188e-03,-1.003750496462047122e-02,7.357527180691965721e-03,2.391688339293933114e-03,-1.668214047050773502e-02,-1.116651079192643517e-03,3.243959885696570591e-03,8.558040011616929960e-05,-1.242269520036441699e-02,6.043479851589097888e-03,2.825308399283361915e-03,3.930621110072963359e-03,3.129685591338106192e-03,2.020679785090979258e-02,-1.027129437173543566e-03,7.967375967360039793e-04,2.336101718198117880e-03,2.106812377905673721e-04,-3.784406200103173539e-04,6.409117412049099521e-05,2.844119015479802974e-04,-7.019334588152599443e-04,-1.463226276229374423e-03,-1.177378819976323361e-03,-8.560044951473089496e-04,1.546362889900961912e-04,5.562727769354621728e-06,-8.588273026825842330e-04,6.444186186728848497e-04,-5.764548308957348591e-05,-3.734112378715085485e-04,1.145133901295646191e-03,1.155447499686366704e-03,9.627964255643095971e-05,3.043300831920812163e-04,1.570170230401737909e-04,3.668319353817449586e-04,7.921805190039042470e-05,-3.817625081981678012e-04,-9.973780798277374286e-05,3.926467628429820551e-04,-7.507108957833981151e-04,2.470541636424632647e-04,1.109685045012287312e-03,-8.166686699492319360e-04,-7.746778262196183122e-04,-5.458285900977619337e-04,2.304404250024656234e-05,-3.670276290086903702e-04,5.369527844912277753e-04,1.995228839279195986e-03,5.238727379286737748e-04,-1.002097458645231573e-03,-7.660460569780718279e-04,-7.655159937493186519e-04,8.577386887166119046e-05,-2.663577854711813133e-04,2.111071769895889563e-04,2.068390856551819519e-04,-1.473438873032383240e-03,-1.703579265386350903e-03,4.277111417219774136e-04,9.060589337159284185e-04,-3.252377636886027838e-04,3.531423397449306219e-04,6.519616384074123847e-04,-1.066911930343167119e-03,-1.041016600461416343e-03,-3.382116255873221706e-04,-4.166089770097120178e-04,3.269505405097445521e-04,1.780079243953536575e-04,2.432719645958774659e-04,-6.439829064486244682e-04,-9.486791413859456098e-04,-6.125864410488439642e-04,3.527922409095454520e-04,1.100055848505981362e-03,3.391169448082690936e-04,-1.529833668820926567e-03,-1.177506426715057859e-03,-1.322509708531604405e-03,4.511852403457925821e-04,-7.878224740648996204e-04,-7.516867440213915877e-04,-8.955294502375500936e-04,1.392876990023131812e-04,-3.206428654657983088e-04,-3.140400445707031076e-04,-6.078040782677495779e-04,-2.115002930408371924e-04,2.528303829720516985e-04,5.961907926810997238e-05,-1.036444532815350135e-04,-8.482998884907147073e-05,4.866900528079010546e-05,-5.561640116559371576e-05,-3.052062237816368756e-05,1.355258192145287609e-04,3.824928591239322700e-05,4.143011653154870106e-05,-2.780191165262689085e-05,-8.318755668075395837e-05,-1.887578967412603109e-05,9.573865921419996502e-06,4.867310536945268512e-05,-8.922521194841144510e-05,9.521733435536967817e-05,3.373800970868801735e-05,4.629334917075928765e-05,3.636992269385615862e-06,-8.796020708149635112e-05,-1.787680425472526271e-05,1.712967188683233900e-05,4.541715595414556894e-05,-1.223558499603780774e-05,5.083730440581389116e-05,6.273871014908071614e-05,1.209371268456915815e-04,-1.685133292163678350e-04,-3.676844260866575325e-05,-1.236463302415109376e-04,-1.928694073090057501e-04,-3.176438134661795564e-05,-5.111562615646647400e-05,-8.442439312775458298e-05,2.959041047314950199e-05,1.080622240266354686e-04,3.298056838743197537e-05,-5.439398043915754001e-05,-6.676709452437033874e-05,2.948081953866126106e-05,1.234507544759621666e-04,-4.269730143863355842e-06,7.245646975047286851e-06,-1.033542302506480496e-05,-1.832664067127540413e-05,1.290764560494106060e-04,5.844587632319995943e-05,-6.903799703771822517e-05,-1.021728442226388551e-05,-7.754936842610257264e-06,1.000331825283872709e-05,1.455893235644658681e-05,1.223347255920669647e-04,3.713840505516614155e-05,-8.827707841786880557e-05,-2.509317616489391969e-05,1.340163031921487290e-06,8.100048250484513711e-06,1.346395836504046004e-04,8.003064317342581846e-05,8.500126776400940547e-05,1.082567395446116680e-04,5.550099685300481254e-05,8.174144934343010184e-05,1.100308977813473809e-05,2.791032631123368843e-05,6.315280225098738362e-05,3.454379282484300589e-05,-2.448517524996834935e-05,2.289681472324957745e-05,2.064289783081813486e-05,-2.145371540386269222e-05,7.320432426514796904e-06,5.304538968542338785e-06,1.937879085994310242e-05,-4.409799390578888296e-05,-4.876539440550423934e-05,-3.789315841644739087e-05,-8.867049823074498046e-05,1.431707849835111353e-04,1.671751685305431293e-04,-7.130210449887650081e-05,-5.496171368514696839e-05,7.906567980965152674e-05,3.366904239273070938e-05,8.613100557938793689e-05,2.022548160326264715e-06,-2.550004952007342237e-05,5.131516960380178651e-05,-6.492251164522760910e-05,-3.588316465131437412e-05,-9.052891190723063349e-05,-8.767888721429483909e-05,1.632898263600228916e-04,2.525255439441305948e-04,-4.215771748207080866e-05,-1.292032524331655600e-04,-2.264132572487952185e-05,-3.232570509057948910e-05,-9.680339477659822655e-05,-4.612004554584623429e-05,5.076789572256013282e-05,-1.515361117650777909e-04,-1.606143912229140676e-04,-1.374655895557156337e-04,-1.389616747284086701e-04,5.221475046766731904e-06,-5.452775658848439655e-05,-2.994400663029803750e-06,-9.272834370316129982e-06,4.381576290808728968e-05,5.772264198129840374e-05,6.807795988866621132e-05,4.274227011930604444e-05,1.464969371130491858e-05,-3.521672879073440204e-05,4.020181975970329189e-05,1.085420830739268662e-04,4.513008669187775336e-05,-1.729776369901824036e-05,-1.167052527706285536e-05,-7.781041911259053813e-07,-5.783976589513575758e-05,-1.825049080797606847e-05,-5.378035099149888960e-05,3.439771882034033047e-05,7.994741352425147475e-05,4.334716653146925502e-05,-2.743998504408231914e-05,-5.739558685036362805e-05,-8.264746572006148400e-05,-1.735328217060697010e-05,-2.635184344519468777e-05,1.751596260479726464e-05,-7.421172601153756192e-05,-4.711155358391576499e-05,-1.258507085529992015e-04,-1.369188059182150564e-05,-2.082234966222887724e-05,-2.107136847601186774e-05,1.178082799916115179e-05,5.964051111211257893e-05,4.188923909787767118e-05,1.766838786355003505e-05,2.211516772867727512e-05,-2.223270443382158391e-05,6.205810601043984141e-05,1.164655562638725874e-04,1.025898286335839935e-04,1.537093866810780010e-04,-3.274566214788814089e-05,-1.175762336454889973e-04,-2.189822354372887629e-05,1.246081444573303923e-05,-3.916282725577045965e-07,-2.224146799612159152e-05,-1.935366524874079810e-05,4.804832161242555234e-05,-1.098259310596896458e-05,-1.646717815101378228e-04,7.216975353874945601e-06,1.146647618099994813e-04,7.599390159443854599e-06,-1.357988632773556706e-05,-2.253286586130743104e-05,-4.006200308747159339e-05,-1.078528603361913232e-04,7.493888353890161264e-06,1.003556193215494045e-04,2.337624797870757669e-05,-2.135999362828372789e-06,5.425537560858162814e-06,2.793928439262218172e-05,-3.613797888835584862e-06,2.166342515428177097e-05,4.573327368082356583e-05,8.560116210187614810e-05,2.118867905125984389e-05,5.660049613483417771e-05,1.103420679669320719e-04,-5.713779969358243170e-06,6.331336033621524743e-05,1.009471571197570185e-04,2.237797674248131165e-05,7.372712221192006187e-05,-3.267023857300551190e-05,1.150068187375411730e-04,9.465188345087746169e-05,-6.386419040737020640e-05,5.254063611325304999e-05,1.211407645140244026e-04,1.581121746864987392e-04,8.538632367298404358e-05,2.423672837418151173e-05,8.149673564598119090e-05,5.344577537707469466e-05,5.321386036133398870e-05,1.091730071799090854e-04,7.615369803537344118e-05,-6.151877737235005424e-06,4.070783813630798496e-05,-6.240329758262572874e-05,-7.845681163570637957e-05,6.115620338892115160e-05,-9.291528280428869540e-05,-1.532313861587037112e-04,-2.842559366517444686e-05,7.598216258090350303e-06,-4.948078377586836201e-06,3.192901324306605953e-05,3.642847427644474114e-05,-4.282608041732554211e-05,1.252194987776045134e-04,2.217563385097306181e-04,1.753766092798821443e-04,7.480992373924734711e-05,1.120580955134811821e-06,-1.914780213519563210e-05,-3.625755777731009324e-05,-4.299467448040400502e-05,6.400453174731219035e-05,1.054406430513781038e-04,1.187465828616564288e-05,3.812109718339448656e-05,4.930514516818763421e-06,-4.760283870220463994e-05,1.429938822510036219e-04,8.823017907741012784e-05,-1.565419900843632677e-05,-6.906838963097634605e-06,-2.236323235024772100e-06,-3.246007546755267579e-05,6.106001044317021522e-05,3.728350939472531656e-05,2.232117392312542886e-05,-1.653708163207474801e-05,4.875601689847795664e-05,2.986607160111626292e-05,4.095899512646608818e-06,1.992035025718750024e-05,1.476951918840188074e-04,7.259188087171616899e-06,8.946330340427110172e-05,-1.208070410182484806e-05,-2.246015693042986155e-05,-2.058259870234170478e-05,8.405251275664153644e-06,2.855711499384849768e-06,2.015473338272619829e-05,-3.019633694501487869e-05,-1.572596934094533369e-05,-5.157725629131985651e-05,9.699980968311811336e-06,-5.779740095700495252e-05,-6.820048072766640528e-05,4.557356076370500781e-05,5.594460238050362401e-05,5.533640206481017684e-05,1.423758171922896585e-05,-6.889936636299707410e-05,-6.142211685828961507e-05,-6.367486872290524427e-05,-8.183045304412689972e-06,-1.733167765301667866e-05,2.868779631035630310e-05,5.175048028858604848e-06,5.386517772318730557e-06,1.996712572777358381e-05,5.714738941894934412e-05,3.533751715144674478e-05,5.829350825532913935e-05,1.323107357104234931e-05,4.766012898233026315e-05,7.340125227873251542e-05,-4.301480838996685598e-05,-3.960330766135286258e-05,1.117797096637301667e-05,-2.739298113665980934e-05,-1.833088819029649017e-05,-1.735031372883441339e-05,1.081651955732939270e-05,1.593558516797743571e-07,-3.397711193527853420e-05,-2.980426326718275422e-05,1.356901181064873690e-05,-1.170298183716037519e-06,-3.524582268808460660e-05,1.749875816409535466e-06,-4.560264694833874699e-05,-7.861515851943613547e-05,-5.009806029220176683e-05,-4.619292874188059609e-05,-1.367535179166188732e-05,-1.637547253329291877e-06,6.406202269073178819e-06,-5.529053268478700779e-05,9.000883888946889321e-06,4.648821646855355794e-05,1.732641176309364652e-05,1.138153414591510039e-05,-2.015582766528198498e-06,2.252998264696383647e-05,3.381076821990346560e-05,-1.622570612212743812e-06,-1.356788636179938069e-05,2.593604170743646352e-06,1.760609445605851821e-05,5.030241146082634182e-05,4.562157270965164742e-06,-4.131706690629055725e-05,4.267160503723773527e-06,2.390000608681457986e-05,1.886960571425972985e-05,-2.768791623147444662e-05,-4.608785227752160211e-05,1.522622030546712287e-05,-3.536210125216419362e-06,6.566925389278251439e-05,7.783474586826238993e-05,-8.115883452292161344e-06,-1.087343294479164633e-05,4.491891965917465287e-05,6.545766774084512752e-05,4.998926574206193307e-05,-4.333848382157919928e-05,-1.129951816217797476e-05,-1.760349787673942633e-05,4.673106682254403639e-05,2.341046658901618720e-05,5.236926198967070383e-06,5.932741578967288393e-05,-2.392557804788265723e-05,-1.253973191463540507e-05,1.966051955121770985e-05,2.305168653510862589e-05,1.231703194317188704e-05,9.042758111727995424e-05,2.225925708507476392e-05,1.163662895400029932e-05,5.170156672683210781e-05,1.057732401238372825e-04,-3.402918606888302770e-05,1.053002931149274696e-04,1.274425176477555357e-05,-2.081846970516654227e-05,1.004596966314220815e-05,3.603982083591049897e-06,-2.368858303665864642e-05,3.289902919846529876e-05,1.024305176811990083e-04,9.486339345745092554e-06,8.047791582414714540e-05,4.082506782645217393e-05,3.233007478487445041e-05,-9.490148448278137221e-06,5.695214905410268329e-06,3.294667149702322761e-05,5.552863067283410727e-05,6.430706732744791718e-05,-2.037868452945670525e-05,2.347950798932221082e-05,5.846993749367868792e-05,1.721831259892572159e-05,7.302038746055076069e-06
1.000000000000000000e+00,1.171744896765925803e-01,2.950301392859598915e-01,-7.503989356503751318e-02,-3.655663595596984894e-02,-2.384147446385625688e-02,-4.324326175299068181e-02,-2.975349331556946184e-02,2.228342322689308777e-02,1.567515339662112466e-03,9.083067448709340741e-03,-6.563636209160993509e-03,3.016887130739336672e-03,1.106826754310728453e-02,5.391043842237026526e-04,1.867047788610915002e-03,1.140961806318788662e-03,-9.845647861655838599e-04,-1.473697764990983044e-03,-2.605804903719704082e-04,-3.389616947986561456e-04,-1.449091364075084107e-03,-6.551124119882671898e-04,-6.875448207513636849e-04,1.547520300309805760e-04,-1.846941145707898710e-04,-9.556906540283457291e-04,1.076083333877556492e-03,1.204356857122940074e-03,1.154178869371987574e-04,-4.923969190148151827e-04,-1.403407191082777167e-03,-1.530607376450902586e-03,7.847156876510519427e-04,2.249121230183635800e-04,-2.401176345943272330e-04,2.170963055616624896e-04,-4.916185149965614362e-04,-2.522769233888904998e-03,-9.786558623246968246e-04,-6.874154686611600416e-04,-3.426543640452443243e-04,-2.109341593609740176e-03,-5.231899357139288336e-04,-1.774357478621129336e-04,-9.369469355006535298e-04,1.682084291373527008e-04,3.633491046572884307e-04,-5.040702749398565975e-04,3.899087051538630976e-04,-1.229501396174460240e-03,-4.825288547257504889e-04,9.028559391154246817e-04,-5.504601421613806609e-04,1.160712590000144087e-04,1.539346587472061696e-03,8.424180848205384481e-04,7.245034239626197705e-05,5.237310468672878730e-04,6.813552988306872168e-04,5.017169249111839155e-04,-8.759313484484886362e-04,-9.920134233030199460e-04,8.740205522131753709e-05,8.223569084358091060e-04,-1.086804932176507667e-03,-3.795895302972591761e-04,1.597416737728528163e-03,-9.274531609219485761e-04,-4.048892264142128642e-04,-1.943124419074798767e-06,-5.503381586071356057e-04,-1.270544720765849969e-03,-3.205046753501271059e-04,-2.106262943748696739e-05,9.363670231678657531e-04,1.505250846874030832e-03,-1.667901461536580284e-03,-6.429902017669986928e-04,1.951631817158443996e-04,1.394438315700384902e-03,1.488002638622471299e-03,4.947341703362192339e-04,-1.961452889501105019e-04,3.800460110944310784e-04,5.734373927852991779e-04,3.526659446642552934e-04,2.580607430447256351e-04,8.629598122355478657e-04,-6.265593423923163791e-04,4.299801091527045071e-04,1.657179719973993562e-03,7.218015734861361801e-04,2.465615737437547219e-04,-7.242707398934862713e-05,5.169962247935500207e-04,1.978304687775370467e-04,3.201166765277275116e-04,2.162146084667064094e-04,-4.164128275209458751e-04,-5.175984197931501521e-05,3.360894055581797857e-04,-2.689781734627852720e-04,-3.913469793450425520e-04,1.096353017070132713e-04,-2.049038288822719553e-05,1.812895642601524424e-04,1.050345094245212817e-03,-2.663663401836499438e-04,-8.615632919327106487e-05,-1.805254190334104928e-04,-1.161640229579471290e-04,-3.630983545456407968e-04,-3.200039092784013987e-04,-7.897640042532924436e-05,-2.023328576693001775e-05,-1.117126766399781823e-04,7.086592299131899871e-04,8.520464829728840715e-06,4.563200860698560170e-04,1.110057920849817365e-04,-7.348711891579804084e-04,-9.026126901578772560e-04,1.208573470487206382e-04,5.627582534520684772e-04,5.317815480438562375e-05,-9.800223109622215652e-05,-1.729860504792259427e-04,1.005205237311681410e-04,1.374245975367905054e-04,-2.380020783673489557e-05,1.649424761176389472e-04,2.266973117221441248e-04,-2.753922029756016130e-04,-5.514936855309125405e-04,1.957677170682707395e-04,1.621201854476994597e-04,9.481218038281027786e-05,2.080905881158459756e-04,2.494928872883520879e-04,5.828943696846763917e-05,-3.024345107463343027e-05,2.066649850490256501e-04,6.993668005849538658e-05,3.606942798725816524e-05,1.705497033550605374e-04,2.800454016864955143e-04,1.946785816210417833e-05,-1.949336210553191770e-04,3.221143775249930239e-05,1.678823213195816493e-04,4.497426203076926267e-04,4.260563860913822417e-04,3.651105898022661417e-04,4.883644765358981324e-05,1.995800400719719011e-05,1.004802203609153876e-04,4.086764302280544643e-05,-1.093618929200195118e-04,-2.952101270059087883e-04,1.356241135276195302e-04,-2.024631005133920459e-04,-3.180914551573383610e-04,-2.667640883531259858e-04,9.430419019635041963e-05,-1.188312770793476398e-05,-6.931489791238708330e-05,1.531082262717592488e-04,-2.035186156931307751e-05,1.800388069788774520e-04,2.737140614745327418e-05,1.286071220182967561e-05,-8.931398314613879551e-04,1.073984731809025456e-04,4.361466911830071043e-05,-1.320921176348554920e-04,-6.053205994992157980e-04,-1.039264593884059581e-04,2.207548336401946704e-04,-3.119648509334989805e-04,-1.591615416510352521e-04,1.968497695787422837e-04,1.527558507426449207e-04,1.562105057710977632e-05,5.370633753839069600e-04,3.493206809674474929e-04,7.594522010771048151e-04,7.189668726157454233e-04,7.174196113972329276e-04,5.270657171279668823e-04,5.862061742410607391e-04,7.888494118105074566e-04,2.682344221202524965e-04,-3.811459104014869559e-05,4.262361908826918446e-04,2.734506432207443600e-04,-3.752495750252176254e-04,-7.044648946735753738e-04,1.150900563666429046e-04,4.471265703301507835e-04,-1.414250817344410828e-04,-1.060148082196819407e-04,-1.393970707269538418e-04,3.211184987484604026e-04,3.108472236070218423e-04,1.902106080982744903e-04,-5.410935673190931836e-05,-1.891218767937891782e-04,-4.741958625429182431e-05,-8.792019748110912097e-06,2.092641070369407198e-04,1.953986893396657818e-04,1.541528020520469672e-04,-2.170839142410490989e-04,-1.675556338029201718e-04,-2.398584185368287294e-05,4.542961419404866288e-04,6.419035144392691615e-04,1.175338564925454670e-04,-5.785674764076103747e-05,-4.339110536937254505e-04,-2.563348952448097511e-04,1.917633362414897973e-04,4.861959304263715033e-05,1.262009903833182477e-04,-6.536528707468990183e-05,1.039838838497999049e-04,2.070044529659350501e-05,4.210522744770131055e-04,5.312243706697265290e-04,1.749085058076729673e-04,2.702762444693556873e-04,4.452240696766364002e-04,1.001932149962633675e-04,7.921382618330445689e-05,-7.073454533895383539e-05,-1.276310845912296220e-04,3.528990209712642729e-04,-1.778485089851709140e-04,-5.122849687907218017e-04,-8.636631602721676904e-04,-1.416603512961365173e-04,-5.994139758421146834e-06,8.920073215192671491e-06,-5.308880013832733549e-04,-7.142737826679403015e-04,1.619325339121868151e-05,1.015637115386487237e-04,2.400142149276343408e-05,5.832261975974600035e-05,2.185321701592202314e-05,3.030284213491859558e-04,5.577463430776299132e-04,3.206499107297921983e-04,-1.737619967919475452e-04,-2.635707383900288340e-04,-1.467688168437211369e-04,-3.171084983697389101e-05,-2.005794754631016889e-04,-2.714930497246010482e-04,-2.843262389991339074e-04,-2.608615144622245929e-04,-1.976856542218426497e-04,-3.281137918651030514e-04,-3.423173208743761239e-05,-3.648581790344966147e-04,-2.781247988207808807e-04,-1.362412970678566137e-04,-1.353809583019980256e-04,-1.636169489140193824e-04,-2.456204198994881146e-04,-3.711147312085500056e-04,-6.775309264864267213e-04,-4.587883636200296069e-04,-3.381565689194288124e-04,-3.315885698647154313e-04,-2.762582101323917219e-04,-2.592534500954663565e-04,-3.047857755355238380e-04,-1.783293119890074841e-04,-1.416998953943382229e-04,-1.175149232047080749e-04,-1.413389134800275085e-04,-6.952508976980039442e-05,-7.722211266604110192e-05,-1.813930803458670745e-04,1.292978461532979877e-04,2.403096172392859067e-04,2.458951039587115424e-05,8.323565068012597561e-05,-1.225764128685058766e-04,-1.753868995193432118e-04,-2.136577844255937531e-04,-2.939978403771860232e-04,-5.884829424124297589e-04,1.819024071917078227e-04,2.146673954694660225e-04,2.346973113745229463e-04,-4.728449955637481278e-04,-7.471286531336678157e-04,1.449320873178739743e-04,3.292753266705339605e-04,6.227183301089169506e-04,-1.015765408209278950e-04,3.690343123627766670e-05,1.449315803251012590e-04,3.196437010597059361e-04,5.801562292817480674e-04,1.435472860661090059e-04,3.531061792481940908e-04,-1.357396341568729008e-05,7.467822197990463750e-05,2.727459866297174515e-04,1.553082534966064620e-04,2.935337526720210193e-04,4.012568925600333244e-05,-1.240035637509251994e-04,9.638823471170724971e-05,3.251018927214104699e-04,2.652020862161395061e-04,2.565455881736943781e-04,-3.338684221693645598e-06,2.244483982357888040e-04,4.835786763374512920e-04,4.618669917565554187e-04,4.040534632168718988e-04,2.193836918670378870e-04,2.038903506628130782e-04,3.824168389629958149e-04,3.353866897748600771e-04,1.759438558399934035e-04,1.387056725797960641e-04,1.116235636862554942e-04,2.274108309208364018e-05,-7.545674292355752932e-05,-5.406058051091956122e-05,2.084060324230601574e-05,1.922002736243041020e-06,-2.063581364226944626e-05,-5.928078440857126801e-05,-9.787897710218033519e-05,-6.559816255983300364e-05,-9.217606279790287063e-05,-1.259672178023128828e-04,2.165713994552934994e-05,1.526044167866527686e-05,-7.042258924641823094e-05,-1.714957774257582607e-04,-1.705572991888244588e-04,-3.320347501064681902e-04,-1.533893892678182065e-04,1.361344807554522611e-04,7.602573946953472290e-05,-1.740709977272877158e-04,-2.908351612237198430e-04,-1.624649615696332930e-04,-2.423266828163344092e-04,-8.214680063107605887e-07,-4.343154808691165577e-05,8.573703383796760712e-05,-8.055998481620793843e-05,-3.255467566696668819e-04,2.580735653335288515e-05,2.265860296093001754e-05,-2.464844557650241303e-04,-2.874729059990211821e-04,-2.866044513453844429e-04,-1.813499764018423552e-04,-1.590028895439445469e-04,-2.184944270438146497e-05,9.232105538455490589e-05,1.342976270204420969e-04,-8.124492825197002341e-05,2.001668584074077903e-06,-6.941075430704384322e-05,-8.004564145356356166e-05,-7.422425449167956049e-05,-1.747142861963524730e-04,-8.424951794431796790e-05,1.075615813877143103e-05,4.255380843168324101e-05,-1.306892591735323212e-04,-1.698681474849929080e-04,-1.171977456769224404e-04,-3.100335001496142473e-04,-1.153785672104741246e-04,-1.075464112723625507e-04,1.100374969685005352e-04,-1.437844990239301065e-04,-4.850068453822323818e-04,-1.917804119295855791e-05,5.720723580803101617e-05,-1.195166847962733154e-04,-3.089462587834167803e-04,-8.303648638417551200e-05,-1.286312088346914921e-04,-3.016985626583410180e-04,-8.392746677220432809e-05,-4.866843280543306261e-05,5.212993199433370664e-05,-4.136813768982978248e-06,-3.845522305025424144e-05,-3.488996493161727912e-05,-2.880188562091496270e-05,-5.598501373070729939e-05,-6.815682289384012132e-05,2.373401010225443145e-05,-9.197722644223256310e-05,-5.251717132260518982e-05,-2.439558350600757393e-04,-3.826884931764407182e-04,-5.650125467851228119e-05,1.266381229053942117e-04,-9.987815317358277026e-06,-2.792922405727600588e-04,-5.885481385879965782e-05,3.735616752504967518e-08,-2.991732958585665040e-04,1.943310192517611892e-06,-2.301599173264800928e-04,-1.203345004923344019e-04,5.008781384519163043e-06,-3.237124927069216015e-05,-2.471297808070959659e-04,-5.065295449506857748e-05,9.188692034286645598e-06,3.234508109643383816e-05,-2.772410753334046728e-04,-1.492291630261408629e-04,-5.054683061658399063e-05,5.524028005597669979e-05,-2.427058212812518967e-04,-5.517928443854363055e-04,-1.531098685293429964e-04,-3.328652087488902494e-04,-1.991025209623469570e-04,5.618523186708762135e-06,-1.143737786164610438e-04,-3.572007724737522093e-05,-6.654565394720899989e-05,1.133556434252982993e-04,4.091261987510428716e-05,-3.600388976710170797e-04,-2.747962607151403975e-04,-1.544310990524106278e-04,-1.078002907726969948e-04,7.596116771630556522e-05,1.132490265445715939e-04,-6.292251544779121181e-05,-6.209529888026283186e-05,-1.738899274985199509e-04,-9.353779917769058667e-05,1.703303230316591447e-05,-1.432865995669208882e-04,-2.019906514575053815e-04,-1.722674964034012768e-04,-6.305098675736967658e-05
1.000000000000000000e+00,6.341350610180732095e-02,5.589852418055892003e-02,-4.088765220763450337e-02,-3.992639617115383704e-02,2.069169278932304901e-02,-1.117581509513972463e-02,-7.758073180243452854e-03,4.160367600005495693e-03,1.732725036446564363e-03,5.996741593129740512e-03,1.109308688593440336e-03,-6.583882317984198103e-03,-8.083676994165886476e-03,-7.714927775308058969e-03,4.790920085049366907e-04,-8.153864036906389437e-04,-7.259648255282096516e-04,-1.937785756870929674e-03,9.394104361060400671e-04,6.822426802586477020e-04,-9.705245361930787951e-05,-3.289394824557160461e-04,4.140171770078083439e-04,7.215588242029176858e-04,4.168104714284375087e-04,9.500846038694327222e-05,5.136490181148861385e-04,7.316998927824777633e-04,-9.560845144568150961e-04,-4.597367124251832229e-04,-5.040054079832624861e-04,-4.280254172478109099e-04,-8.285769114692668460e-04,-1.859974279275291339e-04,-5.212204953890359725e-04,-1.008993325892128300e-03,-4.129387768294545593e-04,-9.298495940650268335e-04,-2.892293647094087831e-04,-7.161102289912838880e-04,-3.352920297083444552e-04,-4.374024220817102787e-04,-9.041964331280693407e-04,-6.448611516355569123e-04,-7.495119450838378088e-04,-4.002238234819935391e-04,-7.243678355413555171e-05,-1.886447006276998641e-04,-8.296338634885127921e-05,-2.613611807970570066e-04,-3.981904982712505207e-04,-2.182555004301580228e-04,2.993038622355529256e-04,6.072089553500256828e-04,4.214038379247689488e-04,2.391794355165052463e-04,-1.261326093381441419e-05,3.239152853328569289e-04,4.786634813394917507e-04,-1.858816308703078893e-04,1.885677621528149522e-04,4.430520719052269299e-04,1.094045586520376597e-04,2.064934535759197463e-04,-1.922935083663700946e-05,-2.219491974819450412e-05,-3.020017844897261478e-04,1.930189922287531680e-04,9.657913820005431733e-05,-1.585596091486143736e-05,2.167093626477933205e-04,-1.374127402855558427e-04,3.735532058373433107e-04,8.309984485040020866e-05,-3.813999407353462693e-04,-1.501130205530915680e-04,5.191347096971065501e-05,1.172150441995691977e-04,6.570374878655099715e-05,-8.236818632652423205e-06,-3.557863012008609361e-04,-4.148832883663253440e-04,3.202647043036564338e-05,-1.513992623025704840e-04,-2.111934748335117659e-04,-2.178972465372588875e-04,3.760207237809362754e-05,1.449814758190232609e-04,3.454515888980958253e-05,1.211379848179415134e-04,2.857911756412952179e-05,3.307460137015921824e-05,7.728165578141065460e-05,-4.036831329282234592e-05,-2.091016512875313750e-05,8.795670606502528568e-07,1.658247102859084486e-05,-7.939663493054879438e-05,-6.117490003684021171e-06,5.331032258822044153e-05,-7.157763579547458672e-05,-5.369437317026515380e-05,1.132192530259645889e-04,7.587242837533899340e-05,1.301780875300115857e-04,6.035049670359493107e-05,-9.071084808082612364e-05,-7.345887442319563572e-05,-6.362630122814898204e-05,-3.406860716670206767e-05,-2.975283363157871038e-05,-1.312535225806956001e-05,-4.550036100047017334e-05,-1.944810673651377637e-05,1.291556577839675935e-05,-6.674284648760386128e-07,-2.232561106508718592e-05,-1.252342839991160272e-05,1.272479498632771105e-05,-6.154522757465849374e-05,-3.533165086318600356e-05,1.217696467849020129e-05,1.649825752963117895e-05,6.973886748974150111e-05,2.294423652096430887e-05,-2.097236485016956871e-05,-5.644438808605960287e-05,-8.012068478570566433e-05,-3.183164905123755424e-05,-3.213719927688014758e-05,1.872201866411095904e-04,-6.061467630589415336e-05,-2.577158411880236372e-04,-7.113981633255022057e-05,6.917323483918734527e-05,1.226235032601751592e-04,7.823253873926312675e-05,2.999722594623611426e-05,-1.015281224691536006e-04,1.767639059858227147e-05,7.709455466536519635e-05,5.984785913520753211e-06,9.196875644142246458e-05,1.280368364363835805e-04,1.254178057361968811e-05,1.838788270652127880e-05,8.502957842155716751e-05,9.978226373021329435e-06,-2.003306235527436204e-05,6.276819605635540311e-06,-1.260661964972286265e-04,-3.124827946762272131e-06,3.976079703986370052e-05,-8.582329873016417599e-05,-7.524687561714493017e-05,-1.174225753516960024e-04,-7.170681310358094677e-05,-2.636329744803306957e-06,-7.933582296422531598e-05,-6.077060612973105827e-05,8.722526233041663540e-06,2.363125897521731325e-05,8.004879210860603239e-06,7.188086172867468541e-06,-1.720432615792039753e-05,3.505757679794847954e-06,1.394718556808374552e-05,2.824150235847839322e-06,-6.620684909446577140e-06,-8.941205103595263866e-06,-4.832915251568454103e-05,8.961259665119161038e-05,1.279239930171703653e-04,3.378276990159213481e-05,1.956892267201128675e-06,6.290902680323704236e-05,7.609169896010580447e-05,-3.096304574830340147e-05,-1.897805058244270688e-07,9.961120827000546831e-05,6.066258488491104816e-05,9.130703406101000588e-05,-1.153198070685394115e-04,3.682116537971380802e-05,1.778171110346809971e-05,-7.476101168985512294e-05,-1.430310345185768870e-04,-2.724245029777813383e-04,-5.682984987769451330e-05,-7.707181386667043220e-06,-7.138392489528094516e-05,4.120803594965476141e-05,-1.177311050533111445e-04,-9.101989317958178612e-05,-1.169801352019452558e-04,-3.690499005244651744e-05,-3.917456910554070282e-05,-5.818319543078177527e-05,4.968673434263631920e-05,3.186775508447562950e-05,4.483086588419728498e-07,2.834412542312085204e-08,-6.343496176615741301e-05,-1.124151533478770943e-04,4.315445642345294063e-05,-2.327128059914252166e-05,-1.526189783438073970e-04,-6.066952005084484722e-05,1.467921106066291074e-05,-6.942866152354290762e-05,-1.455838417561257586e-04,6.924476376097151678e-05,-5.451706761296285625e-05,-1.755608193963527775e-04,-6.880907281613387141e-05,-6.123519727691200223e-05,-1.411890042024703279e-04,2.672632021662316371e-05,-4.348924669524421903e-05,-9.836567834730245373e-05,-2.873799372192349668e-05,-3.291380074530195573e-05,3.790559574525970729e-05,-2.114358825468985015e-05,-9.876119035103819871e-07,4.620774531824576665e-05,1.341039952992223661e-05,-2.457034346476781689e-05,3.117307450889025621e-05,3.097321483626875276e-05,-1.057848007322270068e-05,2.005224313943074923e-05,-1.866439169313834569e-05,-8.658426179485522004e-06,-3.632897882370884858e-05,-8.494039850208258974e-06,-9.255601878021330520e-05,-1.473763819162261568e-07,-6.555583580986372103e-05,-1.176039309199379025e-04,4.485706824444464226e-05,7.584641853916517044e-06,-6.475559187913691478e-05,7.746544250919904710e-05,1.757730902046153421e-05,-7.365864305226548100e-05,-2.134277835751779905e-05,5.906195488108122093e-06,-3.308660838690503084e-05,-3.224334662726636893e-05,-2.423486551192959810e-05,-3.593116035905527553e-06,-1.193936081234943002e-05,-4.700140044520438324e-06,2.649760547151011484e-05,-3.077314668289510367e-05,-5.956978964377704084e-05,-3.484345092441881508e-05,-5.323528665034672711e-07,7.466784995916142488e-05,2.988556016184488022e-05,5.181593380417259559e-05,4.011392722307097452e-05,-1.126184494612434157e-05,-2.960408377571039821e-05,4.136265130757945784e-05,1.211534213013412903e-04,8.337729744896434583e-06,-6.707996811341446134e-06,2.367405945197189029e-05,-3.189583257499584927e-05,3.864440297567822181e-05,1.331349280180743632e-04,-2.403550381120997444e-05,-4.669704758586945266e-05,1.566511487433340033e-05,3.065257903042582441e-05,1.225342027535184181e-04,-4.007545716266351106e-05,-4.210719162046376780e-05,2.489891727492767677e-05,3.653103543549152945e-05,-7.852345945197792155e-05,-5.773729947555009134e-05,1.332439876639465365e-05,-7.203476009978806462e-05,-5.696059637916983377e-05,2.488618892015790420e-05,2.079515582820626844e-05,8.052146360052600733e-05,3.534711778447521943e-05,5.970239232837989431e-07,1.255852198674641141e-05,-4.316245100082847765e-05,8.761001229061028477e-05,4.331545645477474923e-05,-8.581619566615804643e-05,1.023758883470541427e-04,4.210408737134580356e-05,-9.281539517442815863e-05,-6.964099626664276771e-07,2.316022583859795328e-05,-1.630884872135549427e-05,5.313535353168736939e-05,1.360327612797292390e-04,-4.926319440456277971e-05,-3.120768647330025684e-05,5.693146165802790120e-05,1.537600262836547147e-05,3.136259246682509373e-05,6.352994365717898990e-05,6.042321653380762221e-05,-8.336399128699643858e-05,-2.480444844315537011e-05,4.920015425554308882e-05,2.432375207357570548e-05,3.634259220876889297e-05,8.836815073385542903e-06,-3.393189394766968423e-05,1.232427341806467248e-05,5.710371811515094708e-05,1.194945940397888031e-05,-4.980153630242233206e-05,-1.663520482480388945e-05,4.623761281471795465e-05,4.411611967452376554e-05,-8.318308652112710192e-05,-8.011372859148529070e-05,4.005567916155169304e-05,3.327571154488409837e-05,2.396591869794064016e-05,1.119422386909848307e-04,2.756924401652028389e-05,2.230218391482053478e-05,-2.218296543854178624e-05,-1.234611860383460367e-05,1.443085143708807967e-05,2.165773413933277683e-05,2.425007152413369881e-05,3.405836069783497452e-05,-2.621872210130012307e-05,-4.101988055230073887e-06,3.397086661729395327e-05,4.765623012652847039e-06,7.828997501221803267e-06,5.766186621714676020e-05,4.949175278944344965e-05,-2.314664323044434663e-05,5.328785214458692205e-05,7.376671491761184354e-05,3.061973446090782551e-06,3.948743891790965023e-05,4.347597813396193500e-05,-2.260781453702179447e-05,9.377137763923930423e-05,7.206486367906776453e-05,-4.468496443582558160e-05,2.074016541781491122e-05,1.506042856479862216e-05,5.892662407505466608e-05,1.698768207703455396e-05,-3.605300149491768306e-05,3.785623867765847302e-05,5.691833383911832267e-05,1.358101281480217003e-05,1.704569030392626927e-06,-1.691420235139110342e-05,-4.859672437148725876e-05,-3.070915230095898785e-05,-2.560217660017418480e-05,-2.362976320166855054e-06,2.089608777472260428e-05,2.990930388774099400e-08,2.771152719696447545e-05,4.129009128773960956e-06,-2.888198451485024249e-05,3.449629526539980002e-05,4.011539667848778478e-05,-9.110890966549723465e-06,3.213331976492487824e-05,3.783168563251689784e-05,-6.501710900262629264e-05,6.734428089996521885e-05,8.902152720190824168e-05,-2.607647307136494113e-05,2.017785828880920600e-05,-9.913847665002104305e-06,6.136242569201001630e-05,2.854012754044266543e-05,-2.569458716386353202e-05,-5.031436702372346534e-06,2.441748371304867739e-05,3.739319772851276827e-05,1.241404579968192322e-05,-2.016850223145657812e-05,-1.493555690152666055e-05,-9.342726083514347411e-06,-3.779936754356992172e-05,-4.495580578782950600e-05,-4.908528771905060597e-06,1.788260411765453805e-05,5.161484308199290805e-05,4.474736919863419964e-06,3.854177979125433698e-05,3.008197669903606963e-05,2.147867685541831937e-06,4.563951933654676369e-05,3.327435985551996898e-05,1.273841469773212087e-04,7.417199769774912891e-05,-2.830283398006286288e-05,-1.569657710001973939e-05,7.804428679781897358e-05,4.219214964288573464e-05,-1.880239462867091464e-05,4.262831373517076284e-05,3.573250284364999521e-05,-5.591232543116678715e-06,2.490031516796153816e-05,-1.463526076335985046e-05,-7.296264672108318244e-06,1.289219253854378354e-06,-1.689645473278001108e-05,5.175073638884380761e-05,4.543177939944710765e-05,-5.089511848001158666e-06,-5.748913337674511182e-05,5.153237455581948651e-05,3.039326062460130564e-05,-3.930610649185652437e-05,6.649585961698991450e-05,4.107522809674207841e-05,-3.040483020342441117e-05,2.033484266971054565e-05,-4.821233795680184803e-06,-3.770200939140416929e-06,-2.059189891436724492e-05,8.072051241884396229e-06,9.621655833471726106e-06,-2.231952861053333064e-05,5.476190077100771001e-05,5.226352840059233520e-05,-1.919234285271152128e-05,8.982916773776925478e-06,2.842230490468131113e-07,-2.271360897472110227e-06,2.459798347416753696e-05,4.958016371029703745e-05,1.598699344520528631e-06,3.702097641923129782e-05,1.610439555668546978e-05,3.311180348230332848e-06,1.007433578287939197e-05,7.712446612424643183e-06,5.245253472252295734e-06,2.818061694026283354e-06
1.000000000000000000e+00,8.779966027231916881e-02,4.275908930091023435e-02,-5.401484467837824877e-02,-1.813503452080456047e-02,-2.422788404585139027e-02,-1.834441920126176143e-02,-1.834213435477899303e-03,2.144461632166899407e-03,-8.867809359722009926e-03,2.486946411314499682e-03,2.053715079430149318e-03,-6.918077127441442072e-04,-1.715954063685489177e-03,-5.840690576522661152e-03,1.333948184994595111e-03,-1.403825530271366568e-04,-2.682355014490506433e-03,1.607485485504750900e-04,9.769180269159912595e-05,-1.250553126321034111e-06,-2.476810737771125955e-04,-4.945857605798156765e-04,-7.164537525522927594e-04,-2.737509694367391768e-04,7.600469903203383555e-05,4.388793213732388631e-05,8.892150934588887974e-04,-6.063930054487492327e-05,-1.728235766054767855e-03,1.200418972297613243e-04,1.171011257574780420e-04,-2.503584277051742872e-05,3.105096591718867704e-05,2.481992005806649110e-05,3.472738707753155488e-05,-2.992178362747838021e-04,-1.541350068974583131e-04,8.732102408884884334e-04,-5.811570150255947068e-04,-2.211399802069576731e-04,-6.112381992708574695e-04,-5.985080048483897930e-04,-7.084794105441891707e-04,-7.185777612152556256e-04,-5.665983514447463232e-04,-3.618491046942390885e-04,6.984970668510569886e-05,1.410778981840300587e-03,-7.043913834293772909e-04,-9.817010568712698174e-04,-9.168283944467151567e-04,-6.118446829680728892e-04,-4.643387544086365927e-04,4.483383022124782101e-06,5.512212039809466762e-04,2.338490537359186588e-04,-8.325492288220385747e-05,4.110163206324274517e-04,6.017064931608607051e-06,1.322494390892063739e-04,1.998082120402204466e-04,-1.095090266427393771e-04,8.455492618681059941e-05,-1.385555527434195072e-04,6.237481838297165809e-06,-4.602695786615028503e-05,2.374017428400031996e-04,2.965496139554296912e-04,2.727792430459968060e-04,2.619577863231058027e-04,-1.120508768841962764e-04,3.207622740099513826e-04,2.808846700420913802e-04,-5.630244512372138764e-05,1.195743384659018349e-04,2.440149278114586283e-04,5.073338713895584945e-04,6.025504627329665504e-05,4.057349667688473925e-05,-1.493371041359220909e-04,2.016134566106138576e-04,2.331506258395899520e-04,2.778413199786549802e-04,4.057477317625534687e-04,-1.812428591202557818e-04,-4.304632308864906600e-04,4.664946666257400922e-04,3.894677941422591719e-04,-2.484072233247410465e-04,2.818712657900345115e-04,5.897462820867357936e-05,1.173265226840168580e-04,1.196225840830697121e-05,5.187041081635367611e-05,1.229504308836772153e-04,-1.269463691125263111e-04,3.550866660159981375e-07,-6.278971152858752395e-06,3.094609266414701074e-05,2.235004609635018780e-05,9.070692944099538121e-05,8.982213403584522965e-05,-1.983614642402446016e-05,4.280435120066679333e-05,-1.345357746821984341e-05,4.074428791498416641e-05,1.611096979498348545e-04,-5.890374924673541599e-05,-5.385355245715663536e-05,-6.274087260382890132e-05,-3.977066413137906739e-06,-2.180226091926147297e-05,-1.619367895814416476e-05,1.389580481134486840e-05,-3.519373972219614884e-05,-1.798952229065735819e-04,2.995955992845392640e-05,3.320932971540748992e-05,4.037838757081637454e-05,-1.188789337635280565e-04,-2.572298456992204647e-05,-6.873206661723132212e-05,-1.226473775082222530e-04,-1.650169088484589822e-05,-5.419958163687275325e-05,-4.481593219179377173e-05,-6.502550051275402660e-05,6.247312059869995445e-05,1.488770721336698643e-04,-6.521523419087675198e-05,-3.252801763522368257e-05,5.681905309345571084e-05,-2.423903133511127322e-05,-4.423965327221269340e-05,3.891534746314420380e-05,7.530545776066823462e-06,-5.728233756159971011e-05,2.289918289883638455e-05,3.631209664804610032e-05,-2.696505027895698271e-05,-3.651578224684267796e-05,5.376028993251200642e-06,4.013869365146253323e-06,-3.353475739127715136e-05,7.959675764813918156e-06,1.487642214485436090e-05,-1.200855718357959151e-05,-7.866321011908568680e-06,9.424380637730227835e-06,-2.123876894666254796e-05,-8.607706231838589751e-06,2.564733074800055841e-05,1.948771910593387579e-05,5.968025162851608322e-05,5.268327326867041819e-05,-6.419984550579160909e-06,-5.676946483909190736e-06,-4.813768910810108724e-06,6.301912384489972258e-05,5.480333672325326074e-05,-2.767053612225864572e-05,-1.080024989628845802e-05,4.694893944086098473e-05,1.870420315509992290e-05,2.776107206258673690e-05,7.634004821437818651e-05,7.189223693779607430e-06,5.642325044487168760e-05,4.337768947815903627e-05,1.452293959709661583e-05,2.471624554811823420e-05,-4.885721451960458439e-05,-5.053027779909269519e-05,-4.348882632125439652e-05,-5.451724843255194861e-05,-1.540907434802039666e-05,-1.641085573750286199e-05,3.982738665774344445e-05,4.094600570292559647e-05,-4.937176197756029124e-05,-3.205834198425226675e-06,2.075746917312592138e-06,-4.279134255031558429e-05,1.357059957212869872e-04,6.094981288640476992e-05,6.401564402461442965e-05,2.114802113153276236e-04,1.025146017022224992e-04,4.732972811634176097e-06,9.550614013442591734e-05,7.753695203057358156e-05,-4.642228924873872047e-05,1.400268018472138618e-04,1.125371677091876256e-04,-7.688454775478993522e-05,-3.440386989484294311e-06,-9.141128833234894594e-05,-1.424367512028589943e-04,1.073886437349482399e-05,-2.000245629975180389e-05,-2.184280515481976120e-05,-3.300155690092162949e-05,1.082263020545477932e-05,1.345651077148456896e-06,-3.251722363614671956e-06,3.848562262867402981e-05,7.182273552704941417e-05,1.237325179321575170e-05,-9.899120364597471187e-07,3.513660958976665540e-05,2.726447829213023729e-06,-3.193266499125971704e-07,4.574983622414788135e-05,9.136535684280524053e-05,2.946643024397338503e-05,6.428157404720975419e-05,6.405619195907528789e-05,3.573326568830636904e-05,5.739166502712532788e-05,9.565845452493885689e-05,5.496191727901484790e-05,7.575793440794950885e-06,-8.748494761124725729e-06,5.106633168689557565e-05,7.754917354306830192e-05,1.118725348955077277e-05,-1.972205157712868508e-05,5.189653560080443630e-05,6.300156074713613179e-05,-2.707070170169960008e-06,1.476695282308043414e-05,-3.391981088554937334e-06,-9.593104997148721113e-06,-2.885475442625774103e-05,-3.561148548000397782e-05,-5.539931787797591105e-06,-5.016874460298729170e-05,1.014238065995001715e-04,-1.190424044303264303e-04,-1.568048584059680367e-05,4.709692741564108673e-05,-1.256971353233774760e-04,-8.005772154441957299e-05,-2.199815313114682306e-05,-1.092813263235757046e-04,-9.225043696815430705e-05,2.242888087536232668e-05,1.416608026077408198e-05,3.152656341261902490e-05,4.598658180659623724e-05,1.056953952865301117e-05,5.349397892706830399e-05,4.651175420745054398e-05,1.121037898984717289e-05,1.793496151350690757e-05,-4.320135452783511706e-05,-6.873699013843500118e-05,-7.722174425401456246e-05,-1.187035878398406117e-04,-6.673891491270558406e-05,-2.501867763154459276e-05,-7.048353321302281696e-05,-5.506310974564282158e-05,-2.026740979461426223e-05,-4.671240126492672489e-05,-1.320378007832065056e-04,-9.126329534420910114e-05,-2.391555582243705061e-05,-9.269608903224015256e-05,-8.064152258347820237e-05,-2.354890113682739518e-05,-1.142389879042033475e-04,-8.941060621504719511e-05,-3.572770509903948371e-05,-7.900995619329316631e-05,-7.071828518374812694e-05,-5.555359234305396891e-05,-8.054591848316380192e-05,-4.635498170767356468e-05,-5.230068099524040690e-05,-3.890279561704039767e-05,-4.035555692287871339e-05,-4.736617679606112854e-05,-5.320938379170356183e-05,-2.754584426514113658e-05,1.556912027852059430e-06,-9.303567130956944941e-06,-1.528061106235222718e-05,-1.559639684189372157e-05,-4.440518975279171890e-05,-2.010736519478605898e-05,-6.007415900677173135e-06,-9.455542454680995417e-06,3.327027129702495034e-05,8.723090642065000743e-05,7.090122880865826155e-06,2.183501477593378953e-05,3.522948824569380894e-06,-4.543069288858292540e-05,-2.452025260585295245e-06,-6.335854843688413711e-06,-4.378989222260686921e-05,-3.062827568846742180e-05,2.384292838410519776e-05,3.983356387665058220e-05,6.021741912023900598e-05,3.596694492104902046e-05,1.137329958819234573e-05,-2.620160527301783169e-05,-6.627188025601868664e-05,-2.495790683150978789e-05,-2.359686794173495846e-05,1.366558226535205528e-05,4.510171567075330534e-05,2.468162141021029932e-05,-3.630289202743060544e-05,-4.641067797044558983e-05,-5.734494330228860127e-05,-3.058153835429927472e-05,-6.892328378518266303e-07,2.093273523771062777e-05,3.918396258424915156e-06,-1.521917047512114737e-07,-3.890922806120626198e-06,-1.329121362627869628e-06,1.240691482012273395e-05,-1.680873843987978929e-05,-7.256100096021621577e-07,2.670641169533282167e-05,7.889031678962716592e-06,-3.887184053703277681e-07,-1.031351550211226758e-05,-1.035124591618044449e-05,-1.176362440315898302e-05,7.996164744883380824e-07,1.240333447556770702e-05,-2.421772281074974250e-06,-6.158275121174107452e-06,-5.713886121550837799e-06,-1.122968652477540028e-05,-1.737706098085511401e-05,-1.973041072379002006e-05,-1.792540542757087123e-05,-8.259470607292181547e-06,-1.657129714012653429e-05,-4.539165085075051829e-05,-1.220357743570917910e-05,-5.293909398166866167e-06,-2.150020227146331927e-05,-2.394297352051706767e-05,-1.195148603053559776e-05,-3.507342895577368711e-05,-4.702589692055681879e-05,-1.625020639339740041e-05,-4.442618319426550055e-05,-6.042322727092829421e-05,-1.772657052905859685e-05,-3.238201993319200832e-05,-4.340316798631777234e-05,-4.445826025913438684e-05,-5.268099450950890797e-05,-3.208683176181398967e-05,-2.066392261373501223e-05,-2.646193111254466088e-05,-3.010417985608878123e-05,-1.975879177628263314e-05,-2.781081599380807247e-05,-4.311747875136083498e-05,-8.291597585610431631e-06,-9.668435086876697788e-06,-1.139518110189508737e-05,-2.948001212307037727e-06,-8.255454741842600453e-06,-2.591269041862847967e-05,-1.642703635472416994e-05,-1.263925635652082354e-05,-5.538170224827696202e-06,4.929489981214890520e-06,4.624564641660056043e-06,-1.983665591440001143e-05,-6.323514018481979370e-05,-4.453440093384803577e-05,-4.409472543671483078e-05,-4.744151425003813040e-05,7.512472190196113313e-07,-3.208579596985572987e-05,-4.635372055646336107e-05,-5.852394788543029152e-05,-4.273101807832471369e-05,-2.765405665784573261e-05,-2.232615683029988535e-05,-3.871782959522046362e-05,-2.519454951909802086e-05,-1.456032021100648986e-05,-2.936043864873210386e-05,-6.320603244595387343e-05,-9.623827024407120314e-06,-1.538035802465494148e-05,-6.276259781927076773e-06,6.534589409451001943e-07,-5.638293107761771842e-06,-2.201666331312603157e-05,-3.652697769237739746e-05,-2.565490799476549818e-05,-2.127109606921339594e-05,-1.034108726560777139e-05,-6.473706076188081943e-06,-3.237681628711468071e-05,-6.650932243358896644e-05,-6.637196816422192105e-05,-2.077755952140392454e-05,1.121987278591124206e-05,-2.540260187345429259e-05,-6.652449466583319944e-05,-3.549294182334609011e-05,-1.053952174850036795e-05,-4.651332212817335172e-05,-2.068629426710176603e-05,-6.560009288601252468e-06,4.626464710329974155e-06,-5.812125564960805348e-06,-3.038030769583803149e-06,-1.616391821660701468e-05,-2.012892792455299622e-05,-3.553231014983043761e-05,-4.236735436842590927e-06,-1.632944961013495274e-05,-2.194478759994748508e-05,-4.113808163460356870e-05,-1.982360893364044959e-05,-1.975243156653867010e-05,-4.379781641380072090e-05,-2.670416716608571271e-05,-1.921370872125982411e-05,-2.064199956043136761e-05,-7.902310415589801649e-06,-1.330102615948886160e-05,-2.599322653722838171e-05,-7.492784073228827011e-07,1.193901029034834168e-05,-2.656062709106324666e-05,-5.104193486690074505e-05,-2.030259273741160257e-05,-2.779280787742922440e-05,-2.112898512104423987e-05,-3.441146082467108231e-06,-5.304219237880899208e-06,-2.880265707995790809e-05,-1.241271499907238538e-05,-2.928070492735258557e-05,-1.326479218262778805e-05,-2.500933431428710791e-06,-1.034282431901046606e-05,-1.709205154337525200e-05,-1.811817322916859746e-05,-9.530502314750965209e-06
1.000000000000000000e+00,1.328518237382112777e-01,4.429306181851522251e-01,-4.475327194126127450e-02,-6.770541043601725761e-02,2.643548595739296167e-02,-2.367642139634795403e-02,3.516248540798467409e-02,-3.166293649420185569e-02,7.693160972085348083e-03,2.007339421740350627e-02,2.223430747408142866e-02,-2.625382294926519380e-02,-2.371975070341700992e-02,2.176579369526946903e-02,1.461304710294597303e-03,-2.734742886373290813e-03,5.485053246009783876e-03,-5.044338658698365591e-03,3.496700149588276383e-03,5.109704257271022480e-04,-2.333571525336269599e-04,1.326973833062891411e-03,1.007908147147882570e-04,-2.084595373405962035e-04,-6.276016036605166310e-04,-9.121318001250407117e-04,1.286098308011896050e-04,-6.790310662588129684e-04,4.839225152000729661e-03,-1.515601922512653391e-03,-3.720299020168619207e-03,-4.567917468591974582e-03,-1.471153699101861905e-03,-1.472213055221855511e-03,-1.665288014222060823e-03,-1.624458181946211418e-03,-1.317064645919943352e-03,-6.082290876639528075e-03,-9.069012237112918920e-04,9.242125734052436363e-04,1.037050401758377949e-03,1.851954922804723317e-03,1.485519730411914143e-03,1.404514430785587043e-03,1.654863478082578207e-03,1.787137777244618116e-03,1.009863466682252471e-03,-5.536682562578248111e-03,1.523546179239265328e-03,8.088119507598309907e-04,6.632140938548596173e-04,8.253191160743129527e-04,8.077379373649521462e-04,-1.893971999966994615e-04,4.302928122997849237e-04,5.308602608150519249e-04,-7.802299265821344924e-04,-3.517434896415821185e-04,2.132803056798760529e-03,2.154829682161333096e-03,1.112510399979620536e-03,-9.061238338709119884e-04,1.643554932396588952e-03,1.744398548069439310e-03,-1.980842534667766244e-03,-1.066422211779297037e-03,1.462870794957776919e-03,2.462627961586336383e-03,1.657842022760608206e-04,-2.224134280377187606e-05,2.759165683912282764e-03,-1.199893334526945477e-03,4.086084523134640560e-04,1.762462703741152605e-03,9.048839851664057998e-04,-8.397947788420791985e-04,-4.729511626075816343e-04,-1.982187942640576545e-03,-1.042363722832738036e-03,3.499953000217447246e-03,-6.621275711878232611e-04,-2.056809719314143560e-03,1.026657218676248380e-03,-6.442416267585358727e-05,6.743416815936521379e-04,3.627214203680179192e-03,-1.701636250190791122e-04,2.158338410819424583e-03,-1.541520854230387814e-03,3.807678061741153743e-04,2.572773936262062996e-05,2.949588293294404771e-03,3.845213765184705089e-05,-2.979284287425820265e-06,7.487022063679348277e-05,7.601913637804820966e-05,-1.121334361833863173e-04,2.808528690449273841e-04,-3.549991913685783670e-04,-1.670458018001728571e-04,2.335862863905528838e-04,-1.970695750935394877e-04,6.185195556375677403e-04,4.749540045232688917e-04,5.568499177008176076e-05,1.672834063216805701e-04,-3.627018108844141898e-04,1.316190327921071116e-04,-1.007793237373644902e-04,2.146450686918947718e-04,3.976600153481498455e-05,-7.318269931077861987e-06,1.903300145181938054e-04,-1.869778585549776906e-04,-3.772365105415893967e-05,-6.124396885628587172e-05,-5.195234797650459752e-04,1.721445793196923124e-04,-2.189500591519138724e-04,-2.892033758817116906e-04,-4.879104377637245036e-04,1.567984532885038920e-05,-1.241129357877008080e-04,-8.046359096669911982e-04,-7.309247814683059836e-05,1.183726762113003581e-04,2.098306459526951841e-04,-5.862380024365025991e-04,-2.470213450387294591e-04,7.900185432154205594e-05,-4.506014843931961450e-04,2.538702237490863232e-04,1.915599553116968277e-04,-6.133331234805215748e-05,-2.443620402696319242e-05,2.636298262599997980e-04,-2.586066438831641635e-05,-6.757676394393096039e-05,-1.099694006105888275e-04,-1.642833744085998935e-04,4.845764516633247458e-05,-8.021550597970376353e-05,1.717695560635336535e-04,2.128850563984130450e-04,-9.847068408715626677e-06,7.858697482651831457e-06,-8.801638747099061464e-05,-1.721396408225343323e-04,-1.221221541261619274e-04,-4.110770113028702554e-05,-3.599001434447460105e-04,9.583256536176426729e-05,3.005108885160836054e-04,7.448873046111234195e-05,-5.243506055977657614e-05,-3.047332230698906411e-04,-3.628974992007252365e-04,-5.432744228297225320e-05,1.095537217429585699e-04,5.987849696775255227e-05,-8.877514647938664722e-05,3.331801593050804034e-05,5.784159567756024005e-05,3.004995334547502870e-05,3.317547283798899537e-04,2.372932633995696722e-04,-4.092834768176654747e-05,-9.159928099756844998e-05,-1.905921561498972734e-04,-1.072549762943649724e-04,-4.508493211442919109e-05,3.593369662574450178e-04,2.834405555187832467e-04,-2.059709662868057598e-04,1.802346744036725378e-04,-2.195137269470172413e-04,-6.521951518908976721e-05,1.462022172911774088e-04,-2.327824667169977669e-04,4.328268045600988613e-04,3.251649471244898041e-04,-8.206914535425214306e-05,-1.417826565039917322e-04,-3.762098086920600019e-04,1.719160773232233301e-04,3.650981917563543458e-04,9.805919153947734407e-05,1.489768254713442108e-04,4.866172246280714263e-05,-1.584519868100822345e-04,-1.860909489824973497e-04,-3.222793741846201603e-04,8.097781515951410199e-05,-2.065374978725833480e-04,-1.628382461042304481e-04,-3.428387185117538240e-04,9.726568572997867088e-05,1.492186004112517565e-04,-6.253244397831258421e-04,-1.310416613416578774e-04,3.218613919714551584e-05,-2.090805529054458171e-04,2.409461925869543525e-04,1.170201401100854949e-04,-1.012162409291653592e-04,2.665360490072734971e-04,-1.259706638404727063e-04,-1.806420225458047510e-04,-2.292537943124303191e-04,-7.354046201805803881e-05,-1.483068451983877447e-04,-2.911216605070280662e-04,8.577680592942864854e-05,-1.871259891243939172e-04,-1.929073485459368784e-04,9.231458154103804644e-05,4.267900008536653082e-04,1.956165403723106647e-04,2.603226918778842546e-04,-3.691412650904363728e-05,-1.620120892273102260e-04,2.790559624435525387e-04,2.340286301328372697e-04,3.469439065622547920e-04,2.093239716748088392e-04,1.346304814085922741e-04,6.519443420402683189e-05,2.125606422054888587e-04,-2.180714221200836991e-04,-6.381368127825782783e-05,3.147118763862704553e-05,-4.142668797789966642e-04,-2.643584878801177808e-04,-6.383370832493451047e-05,-2.630631039815701857e-05,1.571560209808308263e-05,-3.283952859440173681e-04,9.658661470428566895e-05,7.519733377653166025e-05,-2.115409446271935754e-04,-3.985126870509447371e-04,1.999010299984712932e-05,-4.448601412346228396e-04,-8.577523421143926248e-05,4.191343612244613557e-04,-6.157294291666109130e-05,3.450078964079793785e-05,-2.399473319636588576e-05,2.914278551732746693e-05,2.370116338240099577e-04,2.628264050637059055e-04,1.412329366835702313e-04,1.064196190830077706e-04,2.856954907963495062e-04,1.757217108424684044e-04,4.605705553096650623e-05,-3.284308415488133804e-04,-2.765739831315346879e-04,-6.126663136522729014e-05,-2.462279731904444763e-04,-2.891462547608461667e-05,2.300599615973559283e-05,-3.946760353415106157e-05,-3.960476879997478416e-04,-4.314403805619500655e-04,-3.829486801166149293e-05,-2.053502984108428338e-04,-2.927814383738014934e-04,-1.823286851510533171e-04,6.844245521205117905e-05,-1.532790175420808596e-04,-7.405846300291488561e-05,-2.356974387594041310e-05,-2.446148735334621304e-04,-1.266410875884944637e-04,2.203632095417706307e-04,-3.112911504034323571e-06,-1.195899390812917289e-04,-2.342815407186130616e-04,-1.906917821280223080e-04,-6.501176374924681054e-06,-1.434262546181144533e-04,-3.109147468073367540e-04,-1.437808415904082929e-04,1.272933301793588253e-05,-1.601711717252972530e-04,-9.522561257863616986e-05,1.461153562150485532e-04,8.740128963767900274e-06,1.920869825146628667e-04,6.625605291586869193e-05,3.622083599006279482e-05,2.608738557186540924e-04,3.327129362956996448e-04,-1.753058052483028753e-05,2.310360892714566838e-04,-1.436128111088929345e-04,4.531522353908802640e-05,4.025465042995830952e-04,-1.814787740225289590e-04,-1.626977214301208335e-04,-1.904227935927248606e-04,1.010703720896311941e-04,-6.429512259207872092e-05,1.461878187165471820e-04,-7.643422124744441749e-05,-1.485233217737707558e-04,2.167541545003131697e-04,-5.690315773948879244e-06,3.774743261908659691e-04,2.695281481678933177e-04,2.124798067568101838e-04,1.670504217809395421e-05,-8.310989998523878928e-06,2.167748344183163247e-04,1.101381540614713658e-04,1.693401789977105627e-04,2.057415063790295358e-04,1.188436239007038191e-06,2.642544457858441733e-04,2.821151372163745391e-04,2.877922201657791949e-05,-9.441779046326636630e-06,-1.462190027013168759e-04,1.672906631482518123e-04,1.066491035801913142e-04,-2.156335758835395725e-05,-5.355520939118931526e-05,9.590537995115744796e-05,1.005303819190048322e-04,5.743190256308429491e-05,2.698713364511933269e-04,1.738281099237234473e-04,1.254636369082361136e-04,2.642492946704459998e-05,-2.400883134376274923e-05,1.089462600306588841e-05,8.214736068942340866e-05,-4.333633095987000341e-05,-3.054605743889676696e-05,-7.030415119582660705e-05,-6.333826149053169738e-05,1.497040256251872598e-05,-6.119503552554988134e-05,6.631416977430191909e-05,-2.363231690176303024e-05,-4.897472785302369727e-05,-8.818567314350034205e-05,-5.604286368847017236e-06,-1.534014819178466699e-04,-2.183040695611929355e-04,-1.441547668727867786e-04,3.308210477451663776e-05,4.001391120050675594e-05,-7.769766144555945555e-05,-9.055376997148301447e-05,-1.738674093302854269e-04,-1.089272783220828378e-04,-3.132613645624693593e-04,1.034456453278847945e-04,-3.059202649844659951e-05,-3.382268391798261709e-04,-1.095998731305384161e-04,3.840592019470056439e-05,-4.792579735385529100e-05,1.003014655482087658e-05,-8.705505407902364764e-05,3.758835917541627667e-05,4.630815552574008427e-05,-3.769002618136122395e-05,-1.678146795354909634e-04,2.749745017290849687e-05,-3.750305484979129323e-06,-6.412720034815916923e-05,1.349946214240091901e-04,-1.018087653917479314e-04,-1.127217039683775287e-05,4.046393249277882342e-05,-1.479890064195464627e-04,-2.692704050821665427e-04,6.269550716542526575e-05,1.329718960522224499e-04,-1.384010264026783209e-04,7.923340921097098133e-05,6.095771373240509291e-05,-1.693140599797242840e-04,-1.267630624225769874e-04,-5.837999532712167774e-05,-1.471936422252067970e-04,-1.687364907062695687e-05,-2.392462032104245679e-04,-6.522377675689337970e-05,-5.325838236353008375e-05,-2.835205412404823329e-04,-3.906434450532978346e-06,-1.362971701583813491e-04,-1.757410700938917471e-04,-5.768234259110296193e-05,3.119478949599634665e-06,-2.014962738787748261e-05,-1.406822211524493731e-04,-2.575969796944178945e-04,-1.540918069594729293e-04,-8.804689952977093218e-05,-1.480782814456900576e-05,-4.933782658928935098e-05,-1.031641503420464059e-04,-3.048343515003528337e-04,-3.437335608261374667e-04,-2.696982789699716538e-04,-2.753343954849471627e-04,2.616332118247444247e-05,-1.282475096133747002e-04,-4.091825744920907400e-04,-1.438621460634244840e-04,8.866555729992423203e-05,-2.763141970998279589e-05,-1.849865693835393344e-04,1.747594250525971827e-05,-1.382657081955283081e-04,4.563682043985797321e-05,1.156788814400571867e-04,-4.718696587671968170e-05,-1.506008348205823202e-04,-1.658382818784960426e-04,-3.786377574628453494e-04,1.284828492475924093e-04,1.540490040796392297e-04,-1.603507053590442794e-04,-2.161141029641548326e-04,6.021890485256270833e-05,2.363195472315910946e-05,1.705034434801039214e-04,-1.394957889319001470e-04,-2.115091992120681440e-04,-1.584157183319094379e-04,-2.197655020092524397e-04,-1.771365245721779518e-04,2.684197394754716257e-04,-1.705911732157776252e-04,-2.294574394901906548e-04,-1.750176044569245581e-04,-7.660459625556843843e-05,-2.585036314085808985e-04,-1.448349093457501375e-04,-7.898668359350128232e-05,4.026918483237658728e-05,9.310358209792904155e-05,-2.914028415049179526e-04,1.056469482737152997e-04,-6.321465099773715727e-05,1.814775790871807251e-04,-2.221469686395996726e-05,-1.876260731387904433e-04,-2.711133389773322244e-04,-9.159315646802756929e-05
1.000000000000000000e+00,1.557322592066915645e-01,-5.321388354671472420e-01,-1.065833606482056717e-01,-4.695034070917384478e-02,-3.072766120024907760e-02,-5.315527352818773255e-02,-3.467554574751522279e-03,3.484966327480185262e-03,6.189469960988605926e-03,1.483376389455503055e-02,4.584395197227905672e-03,1.599463176995974747e-02,1.296006364934167154e-02,1.551754395624766435e-02,-1.953989365519204907e-03,-3.108538575477558827e-04,-1.400509878972257261e-03,-2.448095227285167425e-04,-8.213522916054600675e-05,4.271686504442410168e-04,3.143461865718946680e-04,-1.963424550065205642e-04,-2.573049145920456270e-04,-4.879838176449405708e-04,-1.880140331731955470e-03,-1.896710873407336274e-03,9.258090037463019735e-04,-1.325229079175341881e-03,2.170168332394134883e-03,-1.139656982225859200e-03,-9.789960468579155407e-04,6.154673049226730159e-04,9.196566901799875212e-04,-1.711251649494096531e-03,-2.790844441578794587e-03,-9.970544549801072312e-04,2.841935681132690150e-04,-4.342324675823832497e-03,3.060322508984834942e-04,-1.118142586962172147e-03,-1.621261888702807668e-03,4.061939913052301686e-05,1.431291924852011932e-03,1.278087215609842280e-03,5.101356756041280829e-04,-8.219445213327871780e-04,-1.173825763641192033e-03,-1.910966125466560155e-03,6.736610513680198501e-04,1.637010874570211331e-03,2.732887350585886093e-03,1.180063760560910767e-03,-3.671565214849409971e-04,-5.788017243993104919e-04,2.353637484768962551e-04,1.862972627702093277e-04,3.567545851897817571e-04,-3.924275674575001535e-05,6.270609592173488915e-05,7.700925690149687140e-04,-1.112410633555388148e-03,4.741620213746137265e-05,8.960437958783660454e-04,3.449686828954100009e-04,6.498089092557370917e-04,5.432485314477929997e-05,1.171516345739348009e-03,8.051172071148709856e-04,-1.833232011877746143e-03,-2.966141656544733773e-04,6.994065753654334300e-04,-3.325744581663597549e-04,2.250265665457520134e-04,2.219395739760498393e-03,-1.593525650164302645e-04,-1.776004916549075866e-03,1.455854632714760105e-05,5.989203777301302335e-04,1.437426709871447543e-03,1.894529032410575790e-03,-5.881157853402384271e-04,-1.489547520241508429e-03,1.095829711530737528e-03,3.054599040854374861e-03,1.955368128438811099e-03,-3.449216380262769797e-04,1.442966870188922826e-03,2.371523792450241225e-03,2.035427281431344184e-03,5.752289054176803942e-04,9.460314097127735375e-04,2.109395014903146825e-04,3.642706050096409040e-05,1.676279301938146470e-05,-2.152169069118961206e-04,7.574578323842629250e-05,-8.867805920431868724e-05,-1.464743206768632448e-04,9.304718139908719013e-05,4.152669105147393342e-05,2.240715071745617574e-05,1.273092310393748438e-04,-2.326617526631247787e-04,-3.087146756034433331e-04,7.851544725320975821e-05,-1.291799936565046704e-04,-2.284410631938529456e-04,1.213034111985761526e-04,1.101809014479786871e-04,1.763349124582981375e-05,1.596640404568262924e-04,1.813762103829525069e-04,-5.159226540143015892e-05,1.851116971685041573e-05,1.236267594788135506e-04,3.060905330861691121e-05,-4.969738896041313542e-05,7.871855074475294506e-05,-1.036009167832832248e-04,-6.793791720636481078e-05,2.524150175056504952e-04,-1.417847405383555954e-04,9.386251032540502543e-05,3.442941294541505587e-04,2.655778249980555566e-05,7.766765431967713516e-06,1.203269950903093735e-04,1.194298495007974764e-04,1.943394941848338396e-04,-1.937136435457735084e-04,-2.100420276527162908e-04,1.319431771403127335e-04,-1.957755691807650758e-04,-3.326227826129184552e-04,-8.350555779238542193e-05,-1.619431579465965072e-04,-6.662940549352848647e-05,-1.734149689696888930e-05,-6.209939926777125441e-06,4.150970884068392225e-05,-1.594645663753252438e-05,-2.980981379355268559e-05,-8.012276902645726372e-05,-7.846586846018949299e-06,4.443521257889383987e-06,5.906796934296199995e-05,1.753824348478893005e-04,-1.152920400843242876e-05,-9.245020943251245401e-05,-2.180286557077695824e-05,-5.313907523694759308e-05,7.634732395851774622e-05,7.442204796500052877e-05,7.304526951779209307e-05,5.410751618043302077e-05,-5.067409301930665650e-05,7.572784416503266440e-05,7.964698201052498985e-06,-1.024602020814055692e-04,-3.656407755613912240e-06,1.292563648570788592e-04,8.634028753016022067e-05,-1.496302141628264048e-04,-3.957316696800301759e-05,-7.576038935824279722e-05,-4.301023661848695325e-05,1.262857708986841771e-04,8.350756508484610189e-05,1.504719218763222717e-04,1.481396859539637210e-05,-3.738103437890881811e-05,2.192986056671066778e-04,-4.599598014917403863e-05,-7.665976989138989023e-06,-7.302212614680955579e-06,9.851059007407773839e-05,-6.392990857963804364e-05,7.664489218864705138e-05,7.097804395398128014e-05,-2.119197527750168292e-04,-1.370420323401185187e-04,-1.560882632446751364e-04,-6.104356796570497624e-05,-9.858489791876296046e-05,4.179393380167496655e-05,-1.885235821625251204e-04,1.553467157525031375e-04,3.099791299152889162e-04,-9.662231800861017877e-05,8.251289123184874983e-05,2.412810948460596453e-04,-5.316982500202613885e-05,4.773510606536052436e-05,-3.197049494853120298e-05,-2.156159725522046786e-04,1.385906686016994088e-04,-2.166357129523793255e-05,-1.251791128463158984e-04,1.650673285401171462e-04,1.141805545822514948e-04,1.006355576604010398e-05,8.647398111727131224e-05,4.080633301148586795e-05,-1.123187380657293872e-04,2.910896445516326795e-05,1.464379363544443871e-04,1.188906775873894311e-04,2.740314969369572745e-05,5.043403614836065700e-05,5.719040300454588898e-06,-5.755495130110306845e-05,8.715220973718116313e-05,3.861885692775977142e-05,2.826059815347514956e-05,6.753035241510088463e-05,-6.022509596021498730e-05,-6.168793349838162939e-05,2.680387152628801447e-05,-4.408707130146345839e-05,3.505989716274122417e-05,1.075265850647304548e-04,-7.077835704300498984e-05,6.602562431173987056e-05,6.472956150494515700e-05,5.816216808043691957e-06,6.986241717927997510e-05,3.290457056691616966e-06,-2.649272865943957098e-04,-9.881236305607328453e-05,7.850913354736780206e-05,-8.986326075551047616e-05,1.700448245123735512e-04,3.778227507169065015e-05,1.219470230470088033e-04,-2.467769157802773504e-06,-1.043662589957809171e-05,1.276844821413294711e-04,1.253285589640710368e-04,1.457426287662356935e-04,1.081514452167150151e-06,1.354646821960885897e-04,-1.722688657355823960e-04,-2.025179692195651056e-04,2.664935342057325718e-04,-7.764057092247849160e-05,-3.133463740037637142e-04,1.374090961345185740e-05,-5.855382385102370362e-05,6.249405540371914401e-05,1.575596862814284554e-04,-7.802298862207316874e-05,-1.098374376985065612e-04,-1.571035862885281596e-04,-2.184059450730329818e-04,-5.004841684620502730e-05,5.437282327645333107e-05,-5.992366948401923619e-05,-7.857532856138099567e-05,-1.233863486347456801e-04,-1.086033855626751201e-04,1.616360924284907191e-04,7.469601177133112027e-05,-8.863135538757734347e-05,-3.302404211855275315e-05,-2.664779676552045778e-05,-1.085234336594065796e-04,-9.325004262045531831e-05,1.878325918236648906e-04,1.534763194505374666e-04,-4.174622614769310448e-05,6.534549209635784925e-05,8.950679234924450458e-05,-2.373197297121212019e-05,9.083268300833376955e-05,2.030632547759473455e-04,9.800660787463067348e-05,4.001299490510446379e-05,2.603786823592308999e-05,7.239283592737016482e-05,1.226769629789096149e-04,1.308567037260832612e-04,3.805347111430009446e-05,8.571256276370715780e-05,-5.539031925096451122e-06,1.234501223110511549e-05,9.097490122637832846e-05,1.214524119676257865e-04,-4.566392101499837760e-05,1.617383520266866862e-05,-1.555351377187653408e-04,-6.708672829354169972e-05,1.214295659752827729e-04,-6.223122399394653206e-06,-6.867736817108611341e-05,-7.028374926286067644e-05,-1.852070552092212048e-04,-1.104896137190104587e-04,9.939751956584578834e-05,-1.160778610461070886e-04,-1.720539656610331524e-04,-8.088683143729840199e-05,-8.901651864990862745e-05,-8.152158344978377414e-06,3.085491848047667890e-05,5.400078001943011422e-05,-1.317105418786916821e-04,-1.308429200275479528e-04,-4.424191681466173611e-06,1.818583997161760037e-05,1.405373164054247689e-04,1.457082001177283591e-04,1.461625166808446213e-04,-8.853655709880489341e-05,-1.024142018711032202e-04,3.418118063035322803e-05,1.185170473726868318e-04,1.187708593075700631e-04,1.586322728056707080e-04,-1.042186761127670072e-04,-4.348599178878824326e-05,1.926042622936126661e-04,2.626346629781131973e-05,1.375109258901233090e-04,-1.696798559023100176e-04,-2.001437696135777394e-04,5.130134784639906657e-05,2.505152829010379934e-05,-1.385568722134480793e-04,-1.870687331463193211e-04,-1.234931613123349005e-04,-3.757579201219931247e-05,-2.137775322123802691e-04,-2.222409993410843446e-04,-1.769361109915179391e-04,-2.019423133246720740e-04,-2.766869184952152694e-05,2.890265309177853556e-06,7.233164178332733091e-06,-3.156442646797728724e-06,-5.933832266659082723e-05,-3.354375516544227113e-05,-8.448317150309714871e-06,3.360520207011907147e-06,1.093963852147695718e-05,-2.936560087679916786e-05,-5.054504004923553916e-05,-1.164287742178236309e-04,-1.198548732242036473e-04,2.671059416536797697e-06,1.949928005584443169e-05,1.359173118440240700e-05,-5.076515050087634809e-05,-3.455772511699927650e-05,-1.017012154600207805e-05,-9.434450055735032990e-06,1.713896628603487450e-05,9.628078207337324539e-06,-7.158506251958315187e-05,-8.080389713535871010e-05,9.364909837722746013e-06,1.501060644708993340e-06,-2.128130726273189506e-05,-1.235132492678678838e-04,5.372558719365420573e-05,9.759028520073685284e-05,-1.011071725684480088e-04,4.256558022517357366e-07,-5.272204234324776495e-05,-1.780881715636288632e-05,-9.234507230595390582e-05,-4.044707170059353256e-06,3.452235497453978821e-06,5.042088595089825937e-06,-3.735332004453660105e-05,-5.617967135475903577e-05,-3.540033664320596596e-06,-4.656551807872785933e-05,3.134471239180378142e-05,6.021287966662111960e-05,-7.591791511851404600e-05,-9.279346697182940017e-05,4.807705851454260262e-06,-9.449458744871152215e-05,1.812278960676829291e-05,1.525990617378631200e-04,-9.016441831333161855e-05,-1.189182502265321916e-04,-2.067995122448732716e-05,-1.591103209400301327e-05,3.091063389642051656e-05,-1.292986294105179484e-04,-9.154798322234922354e-05,5.557712161537335725e-05,-7.805398474739912271e-05,1.392356968661347581e-05,5.286783044628301601e-05,-1.072913105235825010e-04,-8.641940907390496224e-06,-8.501295823058028383e-05,-7.679098691528143998e-06,-8.963370461716446318e-08,1.719688059335222410e-05,-2.623448159955662091e-05,-5.683750137985543727e-05,-3.416551448703798331e-05,1.825432068229835479e-05,6.242408300655151291e-05,-2.337721519820464046e-05,-7.780845043049080948e-05,2.055065552739998225e-05,6.555903761502395670e-05,-1.267177661788062007e-05,-9.403497117826978033e-06,7.946304311748523055e-05,8.582258127907425101e-05,6.848815354066447507e-05,7.895565298335474385e-05,-7.973462085321303037e-05,5.365830986202047579e-05,-4.967013542419445888e-05,-2.090104589669825491e-05,1.186678931200328291e-05,-6.998794026806469332e-06,-2.616989209633400888e-05,-5.483548277087736302e-06,5.533470653432422641e-05,-5.284880491911362032e-05,-2.567114075363677870e-05,5.830080230531256475e-06,5.705053810418981891e-05,2.151286938618331065e-05,3.396781059163745439e-05,-1.442779747172482133e-05,6.041118767685022286e-06,-2.257983074864531580e-05,-1.100245066911381221e-05,-2.134858321771598640e-05,-2.242856304411819504e-05,-3.232255233083743861e-05,8.065534306095872949e-06,3.132951526900818389e-05,1.316470249829214748e-04,9.335838257035520638e-05,9.407449211776431209e-05,4.253884947140384797e-05,-1.379830962284823495e-05,5.858814446503792981e-06,4.610074089439112856e-05,8.073951260400548076e-05,5.734238231633793128e-05,1.405180424143179197e-04,3.091818082472653465e-05,2.877420222047847001e-05,1.188389975682486310e-04,9.941586878525690704e-05,2.636383281611005196e-05
1.000000000000000000e+00,1.884980711574636980e-01,2.258745876619837889e-01,-5.860361577449958032e-02,-6.237378613346443446e-02,-4.087717405245336333e-02,-5.123607096251611009e-02,-4.132825546815677153e-02,-1.450556472836037579e-02,-2.270380375442217560e-02,-1.231950372196245584e-02,-1.305644935924718357e-02,-8.428164583360811188e-03,6.547171033431052264e-03,8.813059807915199842e-03,-8.823072020010227145e-04,-1.069660841163983886e-05,-4.446151674096641970e-03,8.243918704967049399e-04,-5.126883336092558563e-04,-5.504828517678787012e-04,-8.616305024505827156e-04,-6.784700179410626175e-04,4.649865808044546301e-04,1.195437081556351665e-03,1.229413110682796642e-03,4.604120456350969341e-04,-1.388960295300854146e-03,1.551997309678562146e-03,-4.968304466447557655e-04,2.918379716454812603e-03,2.448541792642225118e-03,1.278513577068896359e-03,8.560626001847726940e-05,-3.491143594464971760e-04,9.449982954328765752e-04,-2.692135424791246897e-04,-1.128998279632004815e-03,-1.616841221067641344e-03,-1.327076442640363278e-04,-1.622388959429457538e-03,-2.254128570089875688e-03,-2.089088666735654763e-03,-1.466123435553927509e-03,-2.290100261237443344e-03,-1.282293055183866262e-03,2.205330429406431720e-04,-2.903929090110116931e-04,-2.288671758866122979e-04,1.031163324900060503e-03,9.872449151902553625e-04,4.840239763395342822e-05,-1.967523274681256846e-04,4.829400528886532086e-04,1.600122745532734552e-03,8.900750079346806277e-04,-3.656870961950351839e-04,-4.761262685200878125e-05,1.152456317472605333e-03,-1.967273709412793552e-03,-1.024592362412901289e-03,8.442866897575901017e-04,-9.269495644807696812e-04,-5.363440532855476457e-04,-2.485583387775476419e-04,1.285077676909164275e-03,-7.596060908071788518e-04,-2.700667628071245965e-03,-6.516479140377128042e-04,1.183315814768009892e-03,-2.183359687125728608e-04,-5.119304133170481889e-04,1.499826709352513688e-03,5.558560498586369661e-05,-3.987722406709985970e-03,6.586809690523403541e-04,1.133546239808298252e-03,-1.754389895998536729e-03,2.265554631287803634e-03,8.712704304614928919e-04,-3.080430320340235995e-03,-1.009007522035780405e-03,-3.205049785335768058e-04,2.728382913200238635e-03,-3.857269005711348904e-04,-3.740145138321103544e-03,-4.885183259513498555e-04,1.817240854905158732e-03,3.639331834840162701e-04,-1.322250093247192377e-03,1.569197464021817321e-03,1.248209268717390477e-03,2.206627002371176348e-04,2.489907875660851417e-04,-1.952052563020526866e-04,-1.364616268700073666e-04,2.669473516119309406e-04,-3.602699510858178248e-04,9.879277801493181559e-05,6.000332193054190187e-04,-5.427032284223491350e-04,-3.493029761894300288e-04,2.458720455576623586e-04,-7.696333579365504437e-04,-6.807001914015997678e-04,3.529643594694483930e-04,-5.917419990125131340e-04,-3.952844142674041589e-04,1.014366129310756410e-04,1.877848379031453083e-04,4.763763591785504078e-05,3.008959655365890207e-04,5.339513334863602283e-04,3.250011985616571347e-04,2.367476549217855742e-04,1.716722449530404552e-04,5.300768684195552184e-04,3.526253042916717407e-04,8.828101301819631227e-04,3.711536395031099066e-04,-7.941906657849350610e-04,-3.812423779349873487e-05,-3.428717287588627354e-04,-1.964591080640640827e-04,1.056029711847568733e-03,6.253178201222135387e-04,2.453039683290517007e-04,-2.036109437944923846e-04,-2.507312136388432922e-04,6.111527559387730575e-06,2.986911935229796071e-05,-8.007928583522761509e-05,4.594962588833464615e-05,-2.843049271607520233e-05,-1.965535928239897135e-04,-1.336437094093052704e-05,-8.600643945950774084e-05,-9.465677173820766406e-05,-2.431033700095514200e-04,-6.554921697232730384e-05,-6.097139556443670474e-05,-2.174066884724087066e-04,-3.073748010533030239e-05,-7.993117845269197242e-05,-3.634243403623794571e-05,-1.964879161640461754e-04,1.272021168517539194e-04,1.215562905818397857e-04,-2.236701054610184495e-04,-5.275879090063037806e-06,3.425707590547307673e-05,-1.701869941939565577e-05,2.415536201139058725e-04,-2.693917769588921308e-05,-2.228028103411391870e-04,9.003907223777704930e-05,8.258924028409198557e-05,4.168658026036177228e-04,-2.010416021086826842e-04,-3.972357741358115125e-04,4.252399386567662587e-05,2.116114025197456203e-04,-2.026149242401211717e-04,-2.579123812155969110e-04,1.824549784131475642e-04,-1.882234357136001047e-04,-1.598412392917923847e-04,2.345493323092903216e-04,-1.283878010369314906e-04,-6.617735851311706157e-05,-5.365361446586961418e-05,-2.465036257123095695e-04,3.976381336678615729e-04,2.703243520648039279e-05,9.114799188099320605e-05,3.733781343191067831e-04,6.526292056444515021e-04,-1.073091602447608323e-04,1.263918254277697311e-04,3.272598544897398079e-04,-5.901026640734628953e-04,-5.067039315145507742e-04,-7.701563968757381960e-05,-2.118266420484670462e-04,-1.902598890302149197e-04,-2.577782433215974737e-04,-4.908248341959193205e-04,-3.705886576282629180e-04,-2.568431891944367358e-04,-7.718121030489093334e-04,-5.973551520000104946e-04,1.279362937071364548e-04,5.873309822896526018e-05,5.773589251341912972e-04,2.182869095870973908e-04,-8.604862500568567730e-04,1.296729240023582435e-04,-1.658352398620488636e-05,-2.186385764204919072e-04,1.007542284873745629e-03,7.216864712518976680e-04,-1.797871698535773752e-04,-3.485461922816732020e-04,-1.202638989695356905e-04,1.588186964452107156e-04,2.583822795609379643e-04,-7.990438977352423320e-05,-4.607633060234517979e-05,1.901842028854519356e-04,-7.243331037700028092e-05,-1.355123850502631445e-04,9.736961228672393553e-05,4.267860337046052582e-04,-1.315461651035078144e-04,-4.247870819602325297e-04,-3.397696320620063231e-05,-1.003659900252052952e-04,1.451260314100898130e-04,9.843284423561257949e-05,-4.532867728980586610e-04,-4.882880907182087947e-04,-1.977996661850421839e-04,1.977667903802952736e-04,-1.069808052927951573e-04,-4.769062956397326154e-04,-1.941646462894910876e-04,-4.472473160365230782e-05,-9.587925633412377579e-05,5.518432553538685383e-05,1.274405407324040430e-04,4.105957959501282712e-05,3.884801359394497136e-04,4.029200082191377436e-04,-9.971829462899174591e-05,1.302495920271582873e-04,-3.772621083801842834e-05,1.295779150095813141e-05,4.577890842862923729e-05,5.166459051227262648e-04,-4.658273625447777113e-04,-4.721776777443503764e-05,6.586330001632458757e-04,-2.149759836730450987e-04,-2.951844018235846444e-04,2.517218140084071724e-04,1.618331481414838691e-04,1.603621819842130321e-05,-1.264214799790586022e-04,1.211146869322650508e-04,8.148527513616853773e-05,2.026784082579039914e-04,8.489402446232331147e-05,4.065768225221244174e-05,1.241688306862978185e-04,-1.059366098724052189e-04,-1.458644562814801805e-04,2.815461193933873523e-05,6.687235639143159905e-06,3.265824513880364981e-05,-8.234333029699787644e-05,-3.276574596293985848e-04,-5.712524705453001102e-05,6.681795310327450670e-05,-8.011553846290077438e-05,-5.358097234092030976e-05,-1.916723785157379764e-04,-4.596746717436608898e-04,-6.902484963189697235e-04,-3.476924850378516571e-04,-9.841011188949227453e-05,-9.351477769567393121e-05,-2.531643153418546835e-04,-4.911043228975776193e-04,-5.797148648595334356e-04,-3.201701888979290294e-04,7.260607646147735662e-05,-5.523784840755130481e-05,-6.273612883978919657e-05,-2.554479201624576317e-04,-6.682375356344072632e-05,3.398125865281430486e-04,9.394233987968893045e-05,5.683135375694106352e-05,3.837826117082430251e-04,4.082519136545853023e-04,1.316440237047941924e-04,2.905548412676677754e-04,2.692028155635470504e-04,1.860227517876495898e-06,2.764825952560151333e-05,-9.333003194987469090e-06,5.800764289742210037e-06,2.281579431592388235e-04,-5.547432918423126974e-04,-1.891089791967599505e-04,3.373942670856256180e-04,-4.315981758891513850e-04,-9.570127095229569939e-05,1.591281759055056819e-04,-3.411216027555091356e-04,-1.380574047544459932e-04,1.334164864432778005e-04,9.142781715814817195e-05,-1.366831081013505358e-04,5.416698640428701644e-05,2.137681266867380895e-04,1.068316700300078975e-04,-4.318727871691163629e-05,-1.020054106617162549e-05,-3.205163889141670171e-05,-5.112222543435981361e-04,-7.838155738744515292e-05,4.948830084371975534e-04,2.308051974573262569e-04,1.041121131599461846e-04,1.477178597068514257e-04,-2.999022376898899086e-04,1.030198962343943403e-04,4.166404243817216813e-04,1.239817763406918510e-04,1.320920786050190816e-04,7.266098578724341909e-05,8.046996071109355545e-05,3.352953715809841835e-04,1.958945822586561985e-04,1.167418368117664317e-05,9.395245052784740756e-05,3.961167840016149443e-04,4.278455381444750479e-04,-1.975571197021662353e-04,4.941773670720858166e-05,4.335755561470188948e-05,-2.896255771730951853e-04,-6.721880092669931743e-05,-6.716286558995243508e-05,-1.217040218658081607e-05,1.455795176562478552e-06,4.252015090090100684e-05,1.645378602105162353e-04,-6.570178121604984415e-05,-1.078517138461649672e-04,6.111043428011295870e-05,-3.262111711653416094e-05,-2.536480562871783363e-05,4.134969308765363487e-05,2.494063032120664341e-04,-1.408816282789824880e-05,-2.247213920537230285e-04,9.165018728639421621e-05,1.161319666517204234e-04,2.529388799608862110e-05,2.629780655492910607e-05,2.886460735943671327e-04,-2.064526463589484888e-05,-3.180747721890112511e-04,2.638624352959661719e-04,1.399892238255850236e-04,-1.044979669643684116e-04,-1.588459968863671439e-04,-2.943343553706434935e-04,-5.794618950095591282e-05,2.117796910919403407e-05,1.382398474441647984e-04,-1.761993101314873430e-04,-3.176620880741440290e-04,-8.200888949925398902e-06,1.532395058788869587e-04,-1.846356722927321148e-05,1.679217586964212199e-04,-7.973714774614485312e-05,5.477328388158544698e-05,-1.489097825350409372e-04,-4.373083687762136353e-05,8.716467873919572817e-05,-1.412707573150042263e-04,2.182173445869335667e-05,2.990052289812931020e-04,-1.786524016463995803e-05,-7.107161874575220969e-05,7.107509378669450858e-05,-1.286597667719553939e-05,2.508921280263833953e-04,3.006993161771178281e-04,-7.575864602053532704e-05,-8.663656387050973459e-05,7.780830090317084025e-05,-3.527665588721095235e-04,-5.155122917740318899e-04,1.283124291919088202e-04,-8.720684855352141252e-05,-3.894005092490898022e-05,-2.603834335665334686e-04,7.092004431128510176e-05,-2.076823638824520240e-05,-6.629499160520718728e-06,1.777805113161826404e-04,3.445994349723729110e-04,2.883244528511775973e-05,2.050753447306031239e-04,-1.296582220059509240e-06,-4.406855197058700001e-05,-1.196667563731014831e-04,4.830544731816392706e-05,1.734796232512396635e-04,-1.519178334069841874e-04,4.872317078480670271e-06,1.174288094202539679e-04,-2.008364724313743753e-04,-4.979806004462020630e-04,-6.691173647296733812e-05,9.091840342198746565e-05,-7.463775227141169176e-05,-6.472737887467801504e-05,1.761846181243257507e-04,-2.347964284628049827e-04,-1.513969805222184170e-04,8.583635891156680400e-05,5.401055862656384325e-05,2.124572694388474699e-04,1.972343898169811737e-04,2.031644434505501062e-04,-7.263831442630883334e-05,1.042453309003907492e-04,-4.359560936094707081e-06,-3.622889964386201444e-04,-9.374070617410032251e-05,4.407819729557126538e-05,1.571702427128083895e-04,-1.839285416116364313e-04,-4.987626068807514152e-04,-1.339206299904111214e-04,-1.970598634104885028e-05,-2.285315978185237132e-04,2.097975141577298439e-05,1.028173536593149698e-05,8.058077143031569523e-05,-3.128684762178560430e-05,-2.801260568396447541e-05,-5.558631264091704039e-05,3.955045195807917789e-06,-8.890517858028824222e-05,2.193826499547412569e-06,-5.661265147770825945e-05,-1.297207521297172566e-04,-1.041063094307855420e-04,7.770667254742846537e-05,1.165939031156789475e-04,6.709578967822165134e-05,1.729869288173001109e-05,-1.556409940606989838e-04,-5.902567852213029857e-05,-6.832148039057930777e-06,1.282645995402982976e-04,-5.185627898897229111e-05,-1.461418897028028273e-04,-1.435616131593747040e-04,-8.133508446037388190e-05
1.000000000000000000e+00,6.449744251987155064e-02,1.893639050685040071e-01,-4.324271037043732335e-02,-2.066896070500965493e-02,-1.622489451760049037e-02,-1.185746255906628202e-02,-1.152977115426243385e-02,1.210520391435168132e-02,1.568625235203938498e-02,6.968564218051158301e-04,5.902616629129862425e-04,1.395856928359960440e-02,3.879433789322251930e-03,2.009874310889300450e-02,-1.570317581619072676e-03,2.777373421482025794e-04,-7.312259096307421880e-03,-2.565258472667797537e-04,3.277198414013880409e-04,-9.253627235966477640e-04,-1.585695838347813075e-03,1.950863697882041761e-04,1.030368168177068231e-03,8.482749784163986714e-04,-2.309833436345206401e-04,-8.178652717116334210e-04,-2.154916376646266469e-03,2.056506145025839907e-03,-3.244117338058012494e-03,3.055556944142978279e-03,1.021735556082988428e-03,7.306276701838439365e-04,2.227892699490207490e-03,2.336998740761509277e-03,2.246795430791405043e-05,-3.086200085336971420e-04,-3.033715599904016850e-04,-3.178197379321057430e-03,-6.753866693746357315e-04,-2.811747976545682284e-03,-3.980222039970809922e-03,-2.348657805094368431e-03,-8.630040338317518595e-04,-1.143071516290266459e-03,-1.785534254585192633e-03,-2.159349449274225105e-03,-1.555284456686982812e-03,-4.269920852677127689e-06,8.071621903093555627e-04,-2.225540706325810259e-04,3.760261167093831053e-04,6.086046281644010318e-04,1.530555065891530634e-04,2.114714807588597193e-04,6.656829726584901144e-04,4.792814050045796992e-04,-9.622831858370136130e-04,-2.286210584094679199e-03,-3.332365929807683757e-04,2.157761872706269728e-04,-1.387242366138507653e-03,-1.178602105358418119e-03,-1.635549465056968172e-04,6.849263775474366545e-04,-1.813459110232840338e-03,-8.300326739265599272e-04,6.443322964786303390e-04,-1.035397080329267754e-04,-2.048301696018744143e-03,-1.883784703771854054e-03,-2.410544246810835799e-04,-6.328381229476126362e-04,-6.803356543882474851e-04,9.081917665552197236e-04,-1.666471663747399318e-04,-3.228894474620025521e-03,-1.478990777890939719e-03,1.362560978693700428e-04,-5.111647372469174053e-05,7.534711742815201202e-04,-2.455300001008377839e-05,-1.943329128768651708e-03,-6.407298837977791668e-05,3.898942300256493031e-04,1.668055336198733017e-03,1.245502357502834738e-03,-3.305662370822502814e-04,-3.942527098422273483e-05,1.254530501741453734e-03,-2.388560385293275062e-04,7.045363275390551959e-04,4.876684097864360332e-04,2.974128468551812403e-04,-6.978094115699230802e-04,7.351626235189204748e-05,5.432639418944812393e-04,2.330241634363770049e-04,-5.440879292474727624e-04,-8.318970137887653302e-04,1.946343178196819831e-05,1.065319901501462547e-04,-1.279382780533055530e-04,-4.006753494783899341e-04,-1.008017697324693589e-04,3.852918266509599318e-04,-6.908141708952106786e-05,-6.118279389968808019e-04,-1.456274552238892171e-04,5.317699198420622439e-05,1.457930846689264837e-04,2.028335012372236299e-04,2.964604668340950532e-04,3.666991769823844840e-04,2.044210610375965130e-04,-7.187900238702543154e-06,1.247450639460395976e-04,-4.249832561987711079e-04,1.329083066280070517e-04,1.235288857906049770e-03,1.308922980231266289e-03,8.418078584488783065e-05,3.661170749985618905e-04,1.152665177911887137e-04,4.902626067386261274e-04,6.002764849577988098e-04,-2.286398984501381167e-04,-1.840717767739937936e-04,5.875773470312144089e-05,5.369224424054767480e-05,-3.016583169683301679e-04,2.508319343594107224e-04,2.625817244575360198e-04,-1.135318069823960214e-04,-1.830692169109412808e-04,1.691838624319523467e-04,1.991840243828325407e-04,1.480182105939852890e-04,2.904752369435049096e-04,2.854497621023321461e-05,-6.485004524375380245e-05,1.141765819283812683e-04,4.647173998413486998e-05,-1.503820109036296950e-05,-2.115125177069225080e-06,3.653125027516169912e-04,1.437665042801184010e-04,-1.375572359340811754e-04,-1.653801450781435011e-04,2.648780024399076516e-05,1.743591474486776187e-05,2.992368752482979706e-04,4.303146907248770213e-05,-3.499721324454781852e-04,-3.393021941798460696e-04,-6.229015281332501774e-06,2.657459272699030169e-04,3.315286206393956584e-04,6.385361321899154943e-05,6.529639265337671111e-05,1.973826419204857829e-05,1.403343069860354031e-04,1.218946223624957766e-04,4.100637565971402252e-05,-6.338897439240128882e-05,9.254376782556010257e-05,8.914982157943078598e-05,-1.294486411815494486e-04,2.169376956679600394e-05,-1.059075214329061856e-04,-9.845541811390385624e-05,-2.462628503708208191e-04,4.992440597666132412e-04,3.671758493907473198e-04,1.958204544717889837e-04,-4.559192702249243562e-04,-4.787278671548710475e-04,2.101893879965109537e-04,6.301292686994838571e-05,1.274500592263969711e-05,-1.911654669233428213e-04,-1.843914654133080213e-04,5.499843718820619266e-04,1.693444590086495540e-05,-3.037462511917495789e-05,-9.695236037669230345e-05,2.298607334157182105e-04,4.964103821604138548e-04,-2.794458279140775913e-04,-2.925698363283906118e-04,-7.256555939373971116e-05,-9.117444188262938272e-05,1.713128187281211224e-04,-4.766347463033179495e-04,7.751686478863837725e-04,8.340506041999754504e-04,-4.394668478435397973e-04,-1.330623311170654147e-04,-1.029629566994560600e-04,3.227088178902582879e-04,4.786663645097929422e-04,-2.027266312762849047e-05,-2.576083619999118622e-04,-1.315548153529484552e-05,1.662612294359260001e-04,-6.135387022675841795e-05,-7.991736157819999897e-05,-3.215424758955511079e-05,-1.624255236604163304e-04,-2.076987573977308798e-04,-6.183694558072618224e-05,1.957059710218837605e-04,6.353498597180756789e-05,-9.199625267425228078e-05,4.454061271302832979e-06,-3.872789199715479983e-05,-9.826471590748454582e-05,-1.832575380130532002e-04,4.465375713453875430e-05,1.279488105536252113e-04,3.826559495909949085e-05,-7.095676672894709984e-05,-1.113823757122821392e-04,-4.069145058532344097e-05,2.238951349744027451e-04,-9.945268074012791882e-05,-4.353844639341796245e-04,3.226004685606844282e-05,2.552737570474568210e-04,1.004182249985619094e-04,-2.574951049262312781e-04,1.805316154111821618e-04,3.186818865496320670e-04,1.988702391167050996e-05,1.452436440501385839e-04,1.003499948257863353e-04,1.083931605000433100e-05,-5.174827866500498856e-04,-4.306053800025905258e-05,-4.514291312147894583e-04,-7.922402387544004096e-04,-1.677818125163565901e-04,6.388223505090252503e-05,-3.560453619794023278e-04,-2.274103567524081524e-04,-3.519305718596752548e-04,-1.750581990619787774e-04,1.124494454328987502e-05,-1.055269396711058991e-05,-1.302762991447635910e-04,-2.443352213765169283e-04,-1.823340873101265150e-05,7.314117065492015048e-05,1.925503474272779103e-04,2.067028889047307341e-04,9.801894614204782860e-05,-6.588780653532401563e-05,-7.845224563035229422e-05,-6.800236799354934651e-05,-2.033913375351747825e-04,9.652041837037827598e-05,3.128080876893950696e-05,6.187204959119362566e-05,8.792086853843088527e-05,-6.605777063522636275e-05,1.012243524906667602e-05,-1.370580156102772188e-04,-7.565440144026092380e-06,2.876926900409857324e-05,1.139432928752271389e-04,7.588080886785233492e-05,2.683665917042649546e-06,-2.564488215050436735e-04,-4.729258737553950556e-06,-3.315643763929780635e-05,-1.518623398659807130e-04,-5.923818107533140994e-05,-7.657107535041562723e-05,1.825358246263120588e-04,6.939321909332539582e-05,2.533346413078474712e-06,-9.082500598762658850e-06,2.395473277445703633e-04,2.615498223532923138e-04,1.679218272038432045e-04,1.533113959294816201e-05,4.859918485542588168e-05,5.714723372176026166e-05,5.351586886478174965e-05,5.970544021623058642e-05,2.190189810178103580e-04,9.162160703002219131e-05,-2.014742182569576586e-06,-1.180274098488762321e-04,-5.163651257292341734e-04,-2.826915273033926354e-05,4.280956938541079313e-04,-1.173615066946654903e-04,-1.481232695100136219e-04,-2.272537285223494763e-04,-1.304307787841003420e-04,1.407720189664297180e-04,2.863625869623623614e-04,-1.336952592533164599e-04,1.481469574993687683e-06,2.176703745759224387e-04,9.966570834116987403e-05,2.330154056509586966e-04,2.669373225783170877e-05,1.663307948469074104e-04,5.360472682753520735e-05,4.822122617906620350e-05,1.420991539060383546e-04,2.682127297325173458e-04,3.234174187560445398e-04,1.663555155868122058e-04,-1.210298248831275116e-04,-9.423991414053266985e-05,1.891344177628898288e-04,3.333442378197643279e-04,2.597001441332916975e-04,1.025490067488084452e-04,9.638947160026974234e-05,1.511668346976419738e-04,1.027680768564872551e-04,3.769362211416208276e-04,2.032992475292896470e-04,-5.730401827684877651e-05,-1.955925791947062413e-04,-1.287597069950952818e-05,1.309105459512854874e-04,-8.472414055339896779e-05,-7.696634795174018260e-05,7.978402492348159365e-05,1.422221581635452707e-05,1.056384272159978285e-04,2.094679297966854444e-05,-1.291516023205605175e-05,-1.460036058858484891e-05,1.125343136035563351e-05,-1.107087113968141897e-04,-6.369051548890088197e-05,-5.802670026879320499e-05,-5.409918024872337531e-05,1.932147030000434088e-05,-1.708483046269614340e-05,1.097168598218667862e-04,-9.616076025890518827e-05,-1.475602845637545622e-04,-1.547728199630213515e-04,-2.424505573280025261e-04,2.445564037804393628e-05,9.399295028703088628e-05,2.135218913316574529e-04,2.791557351211955580e-05,-3.459730816780868905e-05,-1.458515945047080052e-04,-9.866031784681274697e-05,7.279392416323513459e-05,-1.551050108581222082e-04,-1.043197030385984358e-04,-7.251405860170669745e-06,-4.912383697575621627e-05,-5.569148216957261918e-05,-1.739497717799371704e-04,-8.537462311590791094e-05,1.506049048279619153e-04,-6.197041089913924914e-05,-1.269978453075589256e-04,-6.465379877971432149e-05,-1.104222325985587482e-04,-1.856951249090417044e-04,-7.251816093921117587e-05,-1.542788641349885907e-05,8.544984022480257716e-05,-2.714778029270856552e-05,-5.442342445053075011e-05,-3.548248797071939750e-05,-7.287773481001745318e-05,1.380665878075718590e-05,8.602136117304009252e-05,1.313066820463039896e-04,1.830624471437486802e-04,1.761686190465477854e-04,-1.395733276485193645e-06,-2.667396442320285182e-05,1.401865597528995924e-04,-4.521881990137940118e-05,-6.505059470038477155e-05,4.005870893492626130e-05,-2.046554579381182302e-05,-1.109175622789714119e-04,-1.203400392632367080e-04,-5.353153007452253747e-05,8.286157195490191575e-05,-1.976150200223120260e-05,-1.081201599419676985e-04,8.058425281257461251e-05,-2.847874339776471019e-05,-6.147878729754185370e-05,-5.378426889927010455e-05,5.725648582383283889e-05,-2.060888953353285677e-06,9.418523519946558290e-05,1.279480891593172062e-04,2.257989647491020056e-05,4.090535704891321733e-05,5.433856716976725424e-05,1.351269956297802605e-04,6.066202123078634446e-05,-1.202553160123612575e-05,-2.170180662748762745e-05,-8.948912382235100994e-05,-5.670959984893875162e-05,1.419542523442607384e-04,-1.099057551553884221e-05,-5.596946520814216267e-05,1.946588220916215556e-05,2.161770854409750015e-04,1.846319554600760153e-05,1.652760601660666626e-04,-5.220968867696173144e-05,-3.875965418027036815e-06,8.698538159497627470e-06,6.664972988688251947e-05,1.016887392429905855e-05,-4.598858564776629943e-05,-9.578647081945789105e-05,-9.172076146542562191e-05,1.280626600756384160e-05,-4.263885168718356804e-05,-1.123033006611280730e-04,-7.543428890535587952e-05,-4.128355967371925920e-05,7.591180710918758810e-05,1.740405486128210864e-04,9.031945130688330374e-05,-3.150261706592394280e-05,-5.410887023058560832e-05,-1.392270987506613893e-04,-1.004669232185835418e-04,-2.175387866683128036e-05,-1.627570635228958197e-04,-1.915859700052876841e-04,-1.757353839687573669e-05,-5.681303237283388509e-05,1.382525690999855345e-05,1.668635710555176294e-05,-3.946362659952511284e-05,-2.535134926555646692e-05,-1.087568387650151528e-04,-1.387965890712826423e-04,-5.230928926811594055e-05,-4.349678991216767001e-05,-8.044138247002350479e-05,-1.501339809058913912e-05,-1.107499493135327816e-05
